time	V(c)
0.000000000000000e+000	6.759906e-005
6.428571428569929e-006	4.557396e-004
1.285714285713986e-005	8.384817e-004
1.928571428570979e-005	1.215825e-003
2.571428571427972e-005	1.587771e-003
3.214285714284965e-005	1.954318e-003
3.857142857141958e-005	2.315466e-003
4.499999999998949e-005	2.671217e-003
6.499999999998174e-005	3.726187e-003
8.499999999997399e-005	4.700670e-003
1.049999999999662e-004	5.585007e-003
1.249999999999585e-004	6.371110e-003
1.449999999999507e-004	7.052300e-003
1.649999999999430e-004	7.623170e-003
1.849999999999352e-004	8.079451e-003
2.049999999999275e-004	8.417923e-003
2.249999999999197e-004	8.636297e-003
2.449999999999120e-004	8.733071e-003
2.649999999999042e-004	8.707376e-003
2.849999999998965e-004	8.559039e-003
3.049999999998887e-004	8.288864e-003
3.249999999998809e-004	7.898702e-003
3.449999999998732e-004	7.391384e-003
3.649999999998654e-004	6.770710e-003
3.849999999998577e-004	6.041527e-003
4.049999999998499e-004	5.209860e-003
4.249999999998422e-004	4.283053e-003
4.449999999998344e-004	3.269932e-003
4.649999999998267e-004	2.180969e-003
4.849999999998189e-004	1.028453e-003
5.049999999998112e-004	-1.733640e-004
5.249999999998034e-004	-1.408149e-003
5.449999999997957e-004	-2.657440e-003
5.649999999997879e-004	-3.900696e-003
5.849999999997801e-004	-5.115470e-003
6.049999999997724e-004	-6.277771e-003
6.249999999997646e-004	-7.362600e-003
6.449999999997569e-004	-8.344723e-003
6.649999999997491e-004	-9.199615e-003
6.849999999997414e-004	-9.904576e-003
7.049999999997336e-004	-1.043990e-002
7.249999999997259e-004	-1.079003e-002
7.449999999997181e-004	-1.094449e-002
7.649999999997104e-004	-1.089863e-002
7.849999999997026e-004	-1.065389e-002
8.049999999996949e-004	-1.021771e-002
8.249999999996871e-004	-9.603072e-003
8.449999999996793e-004	-8.827597e-003
8.649999999996716e-004	-7.912520e-003
8.849999999996638e-004	-6.881510e-003
9.049999999996561e-004	-5.759512e-003
9.249999999996483e-004	-4.571709e-003
9.449999999996406e-004	-3.342657e-003
9.649999999996328e-004	-2.095625e-003
9.849999999996251e-004	-8.521474e-004
1.004999999999617e-003	3.682442e-004
1.024999999999610e-003	1.548131e-003
1.044999999999602e-003	2.672204e-003
1.064999999999594e-003	3.727179e-003
1.084999999999586e-003	4.701666e-003
1.104999999999579e-003	5.586007e-003
1.124999999999571e-003	6.372113e-003
1.144999999999563e-003	7.053306e-003
1.164999999999555e-003	7.624177e-003
1.184999999999548e-003	8.080460e-003
1.204999999999540e-003	8.418933e-003
1.224999999999532e-003	8.637308e-003
1.244999999999524e-003	8.734083e-003
1.264999999999517e-003	8.708387e-003
1.284999999999509e-003	8.560050e-003
1.304999999999501e-003	8.289874e-003
1.324999999999493e-003	7.899710e-003
1.344999999999486e-003	7.392390e-003
1.364999999999478e-003	6.771713e-003
1.384999999999470e-003	6.042528e-003
1.404999999999462e-003	5.210857e-003
1.424999999999455e-003	4.284047e-003
1.444999999999447e-003	3.270921e-003
1.464999999999439e-003	2.181953e-003
1.484999999999431e-003	1.029431e-003
1.504999999999424e-003	-1.723911e-004
1.524999999999416e-003	-1.407182e-003
1.544999999999408e-003	-2.656480e-003
1.564999999999400e-003	-3.899741e-003
1.584999999999393e-003	-5.114523e-003
1.604999999999385e-003	-6.276829e-003
1.624999999999377e-003	-7.361664e-003
1.644999999999369e-003	-8.343793e-003
1.664999999999361e-003	-9.198690e-003
1.684999999999354e-003	-9.903655e-003
1.704999999999346e-003	-1.043899e-002
1.724999999999338e-003	-1.078912e-002
1.744999999999330e-003	-1.094358e-002
1.764999999999323e-003	-1.089772e-002
1.784999999999315e-003	-1.065297e-002
1.804999999999307e-003	-1.021679e-002
1.824999999999299e-003	-9.602150e-003
1.844999999999292e-003	-8.826670e-003
1.864999999999284e-003	-7.911588e-003
1.884999999999276e-003	-6.880572e-003
1.904999999999268e-003	-5.758568e-003
1.924999999999261e-003	-4.570759e-003
1.944999999999253e-003	-3.341700e-003
1.964999999999245e-003	-2.094662e-003
1.984999999999237e-003	-8.511783e-004
2.004999999999230e-003	3.692191e-004
2.024999999999222e-003	1.549111e-003
2.044999999999214e-003	2.673189e-003
2.064999999999206e-003	3.728169e-003
2.084999999999199e-003	4.702659e-003
2.104999999999191e-003	5.587004e-003
2.124999999999183e-003	6.373113e-003
2.144999999999175e-003	7.054309e-003
2.164999999999168e-003	7.625183e-003
2.184999999999160e-003	8.081468e-003
2.204999999999152e-003	8.419942e-003
2.224999999999144e-003	8.638317e-003
2.244999999999137e-003	8.735092e-003
2.264999999999129e-003	8.709396e-003
2.284999999999121e-003	8.561058e-003
2.304999999999113e-003	8.290880e-003
2.324999999999106e-003	7.900716e-003
2.344999999999098e-003	7.393394e-003
2.364999999999090e-003	6.772715e-003
2.384999999999082e-003	6.043526e-003
2.404999999999075e-003	5.211852e-003
2.424999999999067e-003	4.285038e-003
2.444999999999059e-003	3.271908e-003
2.464999999999051e-003	2.182935e-003
2.484999999999044e-003	1.030408e-003
2.504999999999036e-003	-1.714199e-004
2.524999999999028e-003	-1.406217e-003
2.544999999999020e-003	-2.655521e-003
2.564999999999013e-003	-3.898789e-003
2.584999999999005e-003	-5.113577e-003
2.604999999998997e-003	-6.275889e-003
2.624999999998989e-003	-7.360731e-003
2.644999999998982e-003	-8.342864e-003
2.664999999998974e-003	-9.197767e-003
2.684999999998966e-003	-9.902737e-003
2.704999999998958e-003	-1.043807e-002
2.724999999998951e-003	-1.078820e-002
2.744999999998943e-003	-1.094267e-002
2.764999999998935e-003	-1.089680e-002
2.784999999998927e-003	-1.065206e-002
2.804999999998920e-003	-1.021588e-002
2.824999999998912e-003	-9.601230e-003
2.844999999998904e-003	-8.825745e-003
2.864999999998896e-003	-7.910658e-003
2.884999999998889e-003	-6.879636e-003
2.904999999998881e-003	-5.757626e-003
2.924999999998873e-003	-4.569810e-003
2.944999999998865e-003	-3.340745e-003
2.964999999998857e-003	-2.093701e-003
2.984999999998850e-003	-8.502110e-004
3.004999999998842e-003	3.701921e-004
3.024999999998834e-003	1.550090e-003
3.044999999998826e-003	2.674172e-003
3.064999999998819e-003	3.729157e-003
3.084999999998811e-003	4.703652e-003
3.104999999998803e-003	5.588000e-003
3.124999999998795e-003	6.374112e-003
3.144999999998788e-003	7.055311e-003
3.164999999998780e-003	7.626186e-003
3.184999999998772e-003	8.082473e-003
3.204999999998764e-003	8.420948e-003
3.224999999998757e-003	8.639324e-003
3.244999999998749e-003	8.736100e-003
3.264999999998741e-003	8.710403e-003
3.284999999998733e-003	8.562065e-003
3.304999999998726e-003	8.291886e-003
3.324999999998718e-003	7.901720e-003
3.344999999998710e-003	7.394396e-003
3.364999999998702e-003	6.773714e-003
3.384999999998695e-003	6.044523e-003
3.404999999998687e-003	5.212845e-003
3.424999999998679e-003	4.286027e-003
3.444999999998671e-003	3.272892e-003
3.464999999998664e-003	2.183915e-003
3.484999999998656e-003	1.031383e-003
3.504999999998648e-003	-1.704507e-004
3.524999999998640e-003	-1.405253e-003
3.544999999998633e-003	-2.654564e-003
3.564999999998625e-003	-3.897838e-003
3.584999999998617e-003	-5.112632e-003
3.604999999998609e-003	-6.274951e-003
3.624999999998602e-003	-7.359799e-003
3.644999999998594e-003	-8.341938e-003
3.664999999998586e-003	-9.196846e-003
3.684999999998578e-003	-9.901820e-003
3.704999999998571e-003	-1.043716e-002
3.724999999998563e-003	-1.078729e-002
3.744999999998555e-003	-1.094176e-002
3.764999999998547e-003	-1.089589e-002
3.784999999998540e-003	-1.065114e-002
3.804999999998532e-003	-1.021496e-002
3.824999999998524e-003	-9.600311e-003
3.844999999998516e-003	-8.824822e-003
3.864999999998509e-003	-7.909729e-003
3.884999999998501e-003	-6.878702e-003
3.904999999998493e-003	-5.756685e-003
3.924999999998485e-003	-4.568863e-003
3.944999999998478e-003	-3.339792e-003
3.964999999998470e-003	-2.092741e-003
3.984999999998462e-003	-8.492456e-004
4.004999999998454e-003	3.711633e-004
4.024999999998447e-003	1.551066e-003
4.044999999998439e-003	2.675154e-003
4.064999999998431e-003	3.730143e-003
4.084999999998423e-003	4.704642e-003
4.104999999998416e-003	5.588993e-003
4.124999999998408e-003	6.375109e-003
4.144999999998400e-003	7.056311e-003
4.164999999998392e-003	7.627188e-003
4.184999999998385e-003	8.083476e-003
4.204999999998377e-003	8.421953e-003
4.224999999998369e-003	8.640330e-003
4.244999999998361e-003	8.737106e-003
4.264999999998353e-003	8.711409e-003
4.284999999998346e-003	8.563070e-003
4.304999999998338e-003	8.292889e-003
4.324999999998330e-003	7.902722e-003
4.344999999998322e-003	7.395396e-003
4.364999999998315e-003	6.774711e-003
4.384999999998307e-003	6.045517e-003
4.404999999998299e-003	5.213837e-003
4.424999999998291e-003	4.287014e-003
4.444999999998284e-003	3.273875e-003
4.464999999998276e-003	2.184893e-003
4.484999999998268e-003	1.032356e-003
4.504999999998260e-003	-1.694834e-004
4.524999999998253e-003	-1.404292e-003
4.544999999998245e-003	-2.653609e-003
4.564999999998237e-003	-3.896889e-003
4.584999999998229e-003	-5.111690e-003
4.604999999998222e-003	-6.274016e-003
4.624999999998214e-003	-7.358869e-003
4.644999999998206e-003	-8.341014e-003
4.664999999998198e-003	-9.195927e-003
4.684999999998191e-003	-9.900905e-003
4.704999999998183e-003	-1.043625e-002
4.724999999998175e-003	-1.078638e-002
4.744999999998167e-003	-1.094085e-002
4.764999999998160e-003	-1.089498e-002
4.784999999998152e-003	-1.065023e-002
4.804999999998144e-003	-1.021405e-002
4.824999999998136e-003	-9.599394e-003
4.844999999998129e-003	-8.823900e-003
4.864999999998121e-003	-7.908802e-003
4.884999999998113e-003	-6.877769e-003
4.904999999998105e-003	-5.755747e-003
4.924999999998098e-003	-4.567918e-003
4.944999999998090e-003	-3.338841e-003
4.964999999998082e-003	-2.091784e-003
4.984999999998074e-003	-8.482821e-004
5.004999999998067e-003	3.721325e-004
5.024999999998059e-003	1.552041e-003
5.044999999998051e-003	2.676134e-003
5.064999999998043e-003	3.731127e-003
5.084999999998036e-003	4.705630e-003
5.104999999998028e-003	5.589985e-003
5.124999999998020e-003	6.376103e-003
5.144999999998012e-003	7.057308e-003
5.164999999998005e-003	7.628188e-003
5.184999999997997e-003	8.084478e-003
5.204999999997989e-003	8.422956e-003
5.224999999997981e-003	8.641333e-003
5.244999999997974e-003	8.738110e-003
5.264999999997966e-003	8.712412e-003
5.284999999997958e-003	8.564072e-003
5.304999999997950e-003	8.293891e-003
5.324999999997943e-003	7.903722e-003
5.344999999997935e-003	7.396394e-003
5.364999999997927e-003	6.775707e-003
5.384999999997919e-003	6.046510e-003
5.404999999997912e-003	5.214826e-003
5.424999999997904e-003	4.288000e-003
5.444999999997896e-003	3.274857e-003
5.464999999997888e-003	2.185869e-003
5.484999999997881e-003	1.033327e-003
5.504999999997873e-003	-1.685179e-004
5.524999999997865e-003	-1.403332e-003
5.544999999997857e-003	-2.652655e-003
5.564999999997849e-003	-3.895942e-003
5.584999999997842e-003	-5.110749e-003
5.604999999997834e-003	-6.273081e-003
5.624999999997826e-003	-7.357941e-003
5.644999999997818e-003	-8.340091e-003
5.664999999997811e-003	-9.195009e-003
5.684999999997803e-003	-9.899992e-003
5.704999999997795e-003	-1.043534e-002
5.724999999997787e-003	-1.078547e-002
5.744999999997780e-003	-1.093994e-002
5.764999999997772e-003	-1.089408e-002
5.784999999997764e-003	-1.064932e-002
5.804999999997756e-003	-1.021314e-002
5.824999999997749e-003	-9.598479e-003
5.844999999997741e-003	-8.822980e-003
5.864999999997733e-003	-7.907878e-003
5.884999999997725e-003	-6.876838e-003
5.904999999997718e-003	-5.754810e-003
5.924999999997710e-003	-4.566975e-003
5.944999999997702e-003	-3.337891e-003
5.964999999997694e-003	-2.090828e-003
5.984999999997687e-003	-8.473204e-004
6.004999999997679e-003	3.730999e-004
6.024999999997671e-003	1.553013e-003
6.044999999997663e-003	2.677111e-003
6.064999999997656e-003	3.732109e-003
6.084999999997648e-003	4.706616e-003
6.104999999997640e-003	5.590975e-003
6.124999999997632e-003	6.377097e-003
6.144999999997625e-003	7.058304e-003
6.164999999997617e-003	7.629185e-003
6.184999999997609e-003	8.085477e-003
6.204999999997601e-003	8.423956e-003
6.224999999997594e-003	8.642334e-003
6.244999999997586e-003	8.739111e-003
6.264999999997578e-003	8.713413e-003
6.284999999997570e-003	8.565072e-003
6.304999999997563e-003	8.294891e-003
6.324999999997555e-003	7.904720e-003
6.344999999997547e-003	7.397390e-003
6.364999999997539e-003	6.776701e-003
6.384999999997532e-003	6.047500e-003
6.404999999997524e-003	5.215813e-003
6.424999999997516e-003	4.288984e-003
6.444999999997508e-003	3.275836e-003
6.464999999997501e-003	2.186844e-003
6.484999999997493e-003	1.034296e-003
6.504999999997485e-003	-1.675543e-004
6.524999999997477e-003	-1.402375e-003
6.544999999997470e-003	-2.651704e-003
6.564999999997462e-003	-3.894997e-003
6.584999999997454e-003	-5.109810e-003
6.604999999997446e-003	-6.272148e-003
6.624999999997439e-003	-7.357014e-003
6.644999999997431e-003	-8.339170e-003
6.664999999997423e-003	-9.194093e-003
6.684999999997415e-003	-9.899080e-003
6.704999999997408e-003	-1.043443e-002
6.724999999997400e-003	-1.078457e-002
6.744999999997392e-003	-1.093904e-002
6.764999999997384e-003	-1.089317e-002
6.784999999997377e-003	-1.064842e-002
6.804999999997369e-003	-1.021223e-002
6.824999999997361e-003	-9.597566e-003
6.844999999997353e-003	-8.822063e-003
6.864999999997345e-003	-7.906955e-003
6.884999999997338e-003	-6.875910e-003
6.904999999997330e-003	-5.753875e-003
6.924999999997322e-003	-4.566034e-003
6.944999999997314e-003	-3.336944e-003
6.964999999997307e-003	-2.089874e-003
6.984999999997299e-003	-8.463606e-004
7.004999999997291e-003	3.740654e-004
7.024999999997283e-003	1.553984e-003
7.044999999997276e-003	2.678087e-003
7.064999999997268e-003	3.733089e-003
7.084999999997260e-003	4.707600e-003
7.104999999997252e-003	5.591963e-003
7.124999999997245e-003	6.378088e-003
7.144999999997237e-003	7.059297e-003
7.164999999997229e-003	7.630181e-003
7.184999999997221e-003	8.086475e-003
7.204999999997214e-003	8.424954e-003
7.224999999997206e-003	8.643335e-003
7.244999999997198e-003	8.740110e-003
7.264999999997190e-003	8.714412e-003
7.284999999997183e-003	8.566071e-003
7.304999999997175e-003	8.295888e-003
7.324999999997167e-003	7.905716e-003
7.344999999997159e-003	7.398384e-003
7.364999999997152e-003	6.777693e-003
7.384999999997144e-003	6.048489e-003
7.404999999997136e-003	5.216799e-003
7.424999999997128e-003	4.289965e-003
7.444999999997121e-003	3.276813e-003
7.464999999997113e-003	2.187816e-003
7.484999999997105e-003	1.035263e-003
7.504999999997097e-003	-1.665926e-004
7.524999999997090e-003	-1.401419e-003
7.544999999997082e-003	-2.650754e-003
7.564999999997074e-003	-3.894054e-003
7.584999999997066e-003	-5.108873e-003
7.604999999997059e-003	-6.271218e-003
7.624999999997051e-003	-7.356090e-003
7.644999999997043e-003	-8.338252e-003
7.664999999997035e-003	-9.193179e-003
7.684999999997028e-003	-9.898170e-003
7.704999999997020e-003	-1.043352e-002
7.724999999997012e-003	-1.078366e-002
7.744999999997004e-003	-1.093813e-002
7.764999999996997e-003	-1.089227e-002
7.784999999996989e-003	-1.064751e-002
7.804999999996981e-003	-1.021132e-002
7.824999999996973e-003	-9.596653e-003
7.844999999996966e-003	-8.821147e-003
7.864999999996958e-003	-7.906034e-003
7.884999999996950e-003	-6.874983e-003
7.904999999996942e-003	-5.752942e-003
7.924999999996935e-003	-4.565095e-003
7.944999999996927e-003	-3.335998e-003
7.964999999996919e-003	-2.088923e-003
7.984999999996911e-003	-8.454027e-004
8.004999999996904e-003	3.750290e-004
8.024999999996896e-003	1.554953e-003
8.044999999996888e-003	2.679061e-003
8.064999999996880e-003	3.734068e-003
8.084999999996873e-003	4.708583e-003
8.104999999996865e-003	5.592949e-003
8.124999999996857e-003	6.379077e-003
8.144999999996849e-003	7.060289e-003
8.164999999996842e-003	7.631175e-003
8.184999999996834e-003	8.087470e-003
8.204999999996826e-003	8.425952e-003
8.224999999996818e-003	8.644332e-003
8.244999999996810e-003	8.741109e-003
8.264999999996803e-003	8.715410e-003
8.284999999996795e-003	8.567068e-003
8.304999999996787e-003	8.296884e-003
8.324999999996779e-003	7.906710e-003
8.344999999996772e-003	7.399376e-003
8.364999999996764e-003	6.778682e-003
8.384999999996756e-003	6.049477e-003
8.404999999996748e-003	5.217782e-003
8.424999999996741e-003	4.290945e-003
8.444999999996733e-003	3.277788e-003
8.464999999996725e-003	2.188787e-003
8.484999999996717e-003	1.036229e-003
8.504999999996710e-003	-1.656327e-004
8.524999999996702e-003	-1.400465e-003
8.544999999996694e-003	-2.649806e-003
8.564999999996686e-003	-3.893112e-003
8.584999999996679e-003	-5.107938e-003
8.604999999996671e-003	-6.270289e-003
8.624999999996663e-003	-7.355168e-003
8.644999999996655e-003	-8.337334e-003
8.664999999996648e-003	-9.192267e-003
8.684999999996640e-003	-9.897262e-003
8.704999999996632e-003	-1.043262e-002
8.724999999996624e-003	-1.078276e-002
8.744999999996617e-003	-1.093723e-002
8.764999999996609e-003	-1.089137e-002
8.784999999996601e-003	-1.064661e-002
8.804999999996593e-003	-1.021041e-002
8.824999999996586e-003	-9.595744e-003
8.844999999996578e-003	-8.820232e-003
8.864999999996570e-003	-7.905114e-003
8.884999999996562e-003	-6.874057e-003
8.904999999996555e-003	-5.752010e-003
8.924999999996547e-003	-4.564157e-003
8.944999999996539e-003	-3.335054e-003
8.964999999996531e-003	-2.087972e-003
8.984999999996524e-003	-8.444466e-004
9.004999999996516e-003	3.759908e-004
9.024999999996508e-003	1.555920e-003
9.044999999996500e-003	2.680033e-003
9.064999999996493e-003	3.735044e-003
9.084999999996485e-003	4.709564e-003
9.104999999996477e-003	5.593933e-003
9.124999999996469e-003	6.380064e-003
9.144999999996462e-003	7.061279e-003
9.164999999996454e-003	7.632167e-003
9.184999999996446e-003	8.088464e-003
9.204999999996438e-003	8.426947e-003
9.224999999996431e-003	8.645328e-003
9.244999999996423e-003	8.742104e-003
9.264999999996415e-003	8.716405e-003
9.284999999996407e-003	8.568062e-003
9.304999999996400e-003	8.297877e-003
9.324999999996392e-003	7.907702e-003
9.344999999996384e-003	7.400366e-003
9.364999999996376e-003	6.779670e-003
9.384999999996369e-003	6.050461e-003
9.404999999996361e-003	5.218764e-003
9.424999999996353e-003	4.291922e-003
9.444999999996345e-003	3.278762e-003
9.464999999996338e-003	2.189756e-003
9.484999999996330e-003	1.037192e-003
9.504999999996322e-003	-1.646747e-004
9.524999999996314e-003	-1.399513e-003
9.544999999996306e-003	-2.648860e-003
9.564999999996299e-003	-3.892173e-003
9.584999999996291e-003	-5.107005e-003
9.604999999996283e-003	-6.269362e-003
9.624999999996275e-003	-7.354246e-003
9.644999999996268e-003	-8.336419e-003
9.664999999996260e-003	-9.191357e-003
9.684999999996252e-003	-9.896356e-003
9.704999999996244e-003	-1.043171e-002
9.724999999996237e-003	-1.078186e-002
9.744999999996229e-003	-1.093633e-002
9.764999999996221e-003	-1.089047e-002
9.784999999996213e-003	-1.064571e-002
9.804999999996206e-003	-1.020951e-002
9.824999999996198e-003	-9.594836e-003
9.844999999996190e-003	-8.819320e-003
9.864999999996182e-003	-7.904196e-003
9.884999999996175e-003	-6.873134e-003
9.904999999996167e-003	-5.751081e-003
9.924999999996159e-003	-4.563221e-003
9.944999999996151e-003	-3.334112e-003
9.964999999996144e-003	-2.087024e-003
9.984999999996136e-003	-8.434924e-004
1.000499999999613e-002	3.769507e-004
1.002499999999612e-002	1.556886e-003
1.004499999999611e-002	2.681003e-003
1.006499999999611e-002	3.736019e-003
1.008499999999610e-002	4.710542e-003
1.010499999999609e-002	5.594915e-003
1.012499999999608e-002	6.381049e-003
1.014499999999607e-002	7.062267e-003
1.016499999999607e-002	7.633157e-003
1.018499999999606e-002	8.089456e-003
1.020499999999605e-002	8.427939e-003
1.022499999999604e-002	8.646321e-003
1.024499999999604e-002	8.743098e-003
1.026499999999603e-002	8.717399e-003
1.028499999999602e-002	8.569056e-003
1.030499999999601e-002	8.298869e-003
1.032499999999600e-002	7.908693e-003
1.034499999999600e-002	7.401355e-003
1.036499999999599e-002	6.780656e-003
1.038499999999598e-002	6.051444e-003
1.040499999999597e-002	5.219744e-003
1.042499999999597e-002	4.292898e-003
1.044499999999596e-002	3.279733e-003
1.046499999999595e-002	2.190723e-003
1.048499999999594e-002	1.038154e-003
1.050499999999593e-002	-1.637185e-004
1.052499999999593e-002	-1.398563e-003
1.054499999999592e-002	-2.647916e-003
1.056499999999591e-002	-3.891235e-003
1.058499999999590e-002	-5.106074e-003
1.060499999999590e-002	-6.268437e-003
1.062499999999589e-002	-7.353327e-003
1.064499999999588e-002	-8.335505e-003
1.066499999999587e-002	-9.190448e-003
1.068499999999586e-002	-9.895451e-003
1.070499999999586e-002	-1.043081e-002
1.072499999999585e-002	-1.078096e-002
1.074499999999584e-002	-1.093543e-002
1.076499999999583e-002	-1.088957e-002
1.078499999999583e-002	-1.064481e-002
1.080499999999582e-002	-1.020861e-002
1.082499999999581e-002	-9.593930e-003
1.084499999999580e-002	-8.818409e-003
1.086499999999580e-002	-7.903281e-003
1.088499999999579e-002	-6.872213e-003
1.090499999999578e-002	-5.750153e-003
1.092499999999577e-002	-4.562287e-003
1.094499999999576e-002	-3.333172e-003
1.096499999999576e-002	-2.086078e-003
1.098499999999575e-002	-8.425400e-004
1.100499999999574e-002	3.779087e-004
1.102499999999573e-002	1.557849e-003
1.104499999999573e-002	2.681971e-003
1.106499999999572e-002	3.736992e-003
1.108499999999571e-002	4.711519e-003
1.110499999999570e-002	5.595895e-003
1.112499999999569e-002	6.382033e-003
1.114499999999569e-002	7.063253e-003
1.116499999999568e-002	7.634145e-003
1.118499999999567e-002	8.090446e-003
1.120499999999566e-002	8.428931e-003
1.122499999999566e-002	8.647313e-003
1.124499999999565e-002	8.744090e-003
1.126499999999564e-002	8.718391e-003
1.128499999999563e-002	8.570046e-003
1.130499999999562e-002	8.299859e-003
1.132499999999562e-002	7.909681e-003
1.134499999999561e-002	7.402342e-003
1.136499999999560e-002	6.781640e-003
1.138499999999559e-002	6.052426e-003
1.140499999999559e-002	5.220721e-003
1.142499999999558e-002	4.293873e-003
1.144499999999557e-002	3.280703e-003
1.146499999999556e-002	2.191688e-003
1.148499999999555e-002	1.039114e-003
1.150499999999555e-002	-1.627642e-004
1.152499999999554e-002	-1.397614e-003
1.154499999999553e-002	-2.646974e-003
1.156499999999552e-002	-3.890299e-003
1.158499999999552e-002	-5.105144e-003
1.160499999999551e-002	-6.267513e-003
1.162499999999550e-002	-7.352409e-003
1.164499999999549e-002	-8.334593e-003
1.166499999999549e-002	-9.189541e-003
1.168499999999548e-002	-9.894548e-003
1.170499999999547e-002	-1.042991e-002
1.172499999999546e-002	-1.078006e-002
1.174499999999545e-002	-1.093454e-002
1.176499999999545e-002	-1.088867e-002
1.178499999999544e-002	-1.064391e-002
1.180499999999543e-002	-1.020771e-002
1.182499999999542e-002	-9.593025e-003
1.184499999999542e-002	-8.817500e-003
1.186499999999541e-002	-7.902366e-003
1.188499999999540e-002	-6.871292e-003
1.190499999999539e-002	-5.749227e-003
1.192499999999538e-002	-4.561355e-003
1.194499999999538e-002	-3.332233e-003
1.196499999999537e-002	-2.085133e-003
1.198499999999536e-002	-8.415895e-004
1.200499999999535e-002	3.788649e-004
1.202499999999535e-002	1.558810e-003
1.204499999999534e-002	2.682938e-003
1.206499999999533e-002	3.737962e-003
1.208499999999532e-002	4.712494e-003
1.210499999999531e-002	5.596874e-003
1.212499999999531e-002	6.383014e-003
1.214499999999530e-002	7.064237e-003
1.216499999999529e-002	7.635131e-003
1.218499999999528e-002	8.091434e-003
1.220499999999528e-002	8.429920e-003
1.222499999999527e-002	8.648302e-003
1.224499999999526e-002	8.745080e-003
1.226499999999525e-002	8.719381e-003
1.228499999999524e-002	8.571036e-003
1.230499999999524e-002	8.300847e-003
1.232499999999523e-002	7.910667e-003
1.234499999999522e-002	7.403326e-003
1.236499999999521e-002	6.782623e-003
1.238499999999521e-002	6.053405e-003
1.240499999999520e-002	5.221698e-003
1.242499999999519e-002	4.294844e-003
1.244499999999518e-002	3.281671e-003
1.246499999999517e-002	2.192651e-003
1.248499999999517e-002	1.040072e-003
1.250499999999516e-002	-1.618118e-004
1.252499999999515e-002	-1.396668e-003
1.254499999999514e-002	-2.646033e-003
1.256499999999514e-002	-3.889365e-003
1.258499999999513e-002	-5.104216e-003
1.260499999999512e-002	-6.266592e-003
1.262499999999511e-002	-7.351494e-003
1.264499999999511e-002	-8.333683e-003
1.266499999999510e-002	-9.188635e-003
1.268499999999509e-002	-9.893646e-003
1.270499999999508e-002	-1.042901e-002
1.272499999999507e-002	-1.077917e-002
1.274499999999507e-002	-1.093364e-002
1.276499999999506e-002	-1.088778e-002
1.278499999999505e-002	-1.064301e-002
1.280499999999504e-002	-1.020681e-002
1.282499999999504e-002	-9.592123e-003
1.284499999999503e-002	-8.816593e-003
1.286499999999502e-002	-7.901454e-003
1.288499999999501e-002	-6.870375e-003
1.290499999999500e-002	-5.748303e-003
1.292499999999500e-002	-4.560425e-003
1.294499999999499e-002	-3.331297e-003
1.296499999999498e-002	-2.084190e-003
1.298499999999497e-002	-8.406408e-004
1.300499999999497e-002	3.798192e-004
1.302499999999496e-002	1.559770e-003
1.304499999999495e-002	2.683902e-003
1.306499999999494e-002	3.738931e-003
1.308499999999493e-002	4.713466e-003
1.310499999999493e-002	5.597850e-003
1.312499999999492e-002	6.383994e-003
1.314499999999491e-002	7.065219e-003
1.316499999999490e-002	7.636116e-003
1.318499999999490e-002	8.092420e-003
1.320499999999489e-002	8.430908e-003
1.322499999999488e-002	8.649291e-003
1.324499999999487e-002	8.746068e-003
1.326499999999486e-002	8.720368e-003
1.328499999999486e-002	8.572022e-003
1.330499999999485e-002	8.301834e-003
1.332499999999484e-002	7.911652e-003
1.334499999999483e-002	7.404309e-003
1.336499999999483e-002	6.783603e-003
1.338499999999482e-002	6.054382e-003
1.340499999999481e-002	5.222672e-003
1.342499999999480e-002	4.295815e-003
1.344499999999479e-002	3.282637e-003
1.346499999999479e-002	2.193612e-003
1.348499999999478e-002	1.041028e-003
1.350499999999477e-002	-1.608612e-004
1.352499999999476e-002	-1.395723e-003
1.354499999999476e-002	-2.645095e-003
1.356499999999475e-002	-3.888432e-003
1.358499999999474e-002	-5.103290e-003
1.360499999999473e-002	-6.265672e-003
1.362499999999473e-002	-7.350580e-003
1.364499999999472e-002	-8.332775e-003
1.366499999999471e-002	-9.187732e-003
1.368499999999470e-002	-9.892747e-003
1.370499999999469e-002	-1.042812e-002
1.372499999999469e-002	-1.077827e-002
1.374499999999468e-002	-1.093275e-002
1.376499999999467e-002	-1.088688e-002
1.378499999999466e-002	-1.064212e-002
1.380499999999466e-002	-1.020591e-002
1.382499999999465e-002	-9.591222e-003
1.384499999999464e-002	-8.815687e-003
1.386499999999463e-002	-7.900544e-003
1.388499999999462e-002	-6.869458e-003
1.390499999999462e-002	-5.747381e-003
1.392499999999461e-002	-4.559496e-003
1.394499999999460e-002	-3.330362e-003
1.396499999999459e-002	-2.083250e-003
1.398499999999459e-002	-8.396940e-004
1.400499999999458e-002	3.807717e-004
1.402499999999457e-002	1.560728e-003
1.404499999999456e-002	2.684865e-003
1.406499999999455e-002	3.739899e-003
1.408499999999455e-002	4.714438e-003
1.410499999999454e-002	5.598825e-003
1.412499999999453e-002	6.384972e-003
1.414499999999452e-002	7.066200e-003
1.416499999999452e-002	7.637098e-003
1.418499999999451e-002	8.093404e-003
1.420499999999450e-002	8.431892e-003
1.422499999999449e-002	8.650277e-003
1.424499999999448e-002	8.747054e-003
1.426499999999448e-002	8.721354e-003
1.428499999999447e-002	8.573009e-003
1.430499999999446e-002	8.302817e-003
1.432499999999445e-002	7.912634e-003
1.434499999999445e-002	7.405289e-003
1.436499999999444e-002	6.784581e-003
1.438499999999443e-002	6.055358e-003
1.440499999999442e-002	5.223644e-003
1.442499999999442e-002	4.296783e-003
1.444499999999441e-002	3.283601e-003
1.446499999999440e-002	2.194571e-003
1.448499999999439e-002	1.041982e-003
1.450499999999438e-002	-1.599124e-004
1.452499999999438e-002	-1.394780e-003
1.454499999999437e-002	-2.644158e-003
1.456499999999436e-002	-3.887502e-003
1.458499999999435e-002	-5.102366e-003
1.460499999999435e-002	-6.264754e-003
1.462499999999434e-002	-7.349668e-003
1.464499999999433e-002	-8.331868e-003
1.466499999999432e-002	-9.186830e-003
1.468499999999431e-002	-9.891850e-003
1.470499999999431e-002	-1.042722e-002
1.472499999999430e-002	-1.077738e-002
1.474499999999429e-002	-1.093186e-002
1.476499999999428e-002	-1.088599e-002
1.478499999999428e-002	-1.064122e-002
1.480499999999427e-002	-1.020501e-002
1.482499999999426e-002	-9.590322e-003
1.484499999999425e-002	-8.814784e-003
1.486499999999424e-002	-7.899635e-003
1.488499999999424e-002	-6.868544e-003
1.490499999999423e-002	-5.746460e-003
1.492499999999422e-002	-4.558569e-003
1.494499999999421e-002	-3.329429e-003
1.496499999999421e-002	-2.082311e-003
1.498499999999420e-002	-8.387489e-004
1.500499999999419e-002	3.817223e-004
1.502499999999418e-002	1.561684e-003
1.504499999999417e-002	2.685825e-003
1.506499999999417e-002	3.740864e-003
1.508499999999416e-002	4.715407e-003
1.510499999999415e-002	5.599798e-003
1.512499999999414e-002	6.385947e-003
1.514499999999414e-002	7.067177e-003
1.516499999999413e-002	7.638079e-003
1.518499999999412e-002	8.094386e-003
1.520499999999411e-002	8.432876e-003
1.522499999999410e-002	8.651261e-003
1.524499999999410e-002	8.748039e-003
1.526499999999409e-002	8.722339e-003
1.528499999999408e-002	8.573991e-003
1.530499999999407e-002	8.303800e-003
1.532499999999407e-002	7.913616e-003
1.534499999999406e-002	7.406268e-003
1.536499999999405e-002	6.785558e-003
1.538499999999404e-002	6.056332e-003
1.540499999999404e-002	5.224614e-003
1.542499999999403e-002	4.297750e-003
1.544499999999402e-002	3.284563e-003
1.546499999999401e-002	2.195529e-003
1.548499999999400e-002	1.042935e-003
1.550499999999400e-002	-1.589655e-004
1.552499999999399e-002	-1.393839e-003
1.554499999999398e-002	-2.643223e-003
1.556499999999397e-002	-3.886573e-003
1.558499999999397e-002	-5.101443e-003
1.560499999999396e-002	-6.263837e-003
1.562499999999395e-002	-7.348757e-003
1.564499999999394e-002	-8.330964e-003
1.566499999999393e-002	-9.185930e-003
1.568499999999393e-002	-9.890954e-003
1.570499999999392e-002	-1.042633e-002
1.572499999999391e-002	-1.077649e-002
1.574499999999390e-002	-1.093097e-002
1.576499999999390e-002	-1.088510e-002
1.578499999999389e-002	-1.064033e-002
1.580499999999388e-002	-1.020412e-002
1.582499999999387e-002	-9.589424e-003
1.584499999999386e-002	-8.813882e-003
1.586499999999386e-002	-7.898727e-003
1.588499999999385e-002	-6.867631e-003
1.590499999999384e-002	-5.745541e-003
1.592499999999383e-002	-4.557644e-003
1.594499999999383e-002	-3.328498e-003
1.596499999999382e-002	-2.081373e-003
1.598499999999381e-002	-8.378057e-004
1.600499999999380e-002	3.826711e-004
1.602499999999379e-002	1.562638e-003
1.604499999999379e-002	2.686784e-003
1.606499999999378e-002	3.741827e-003
1.608499999999377e-002	4.716374e-003
1.610499999999376e-002	5.600768e-003
1.612499999999376e-002	6.386921e-003
1.614499999999375e-002	7.068154e-003
1.616499999999374e-002	7.639057e-003
1.618499999999373e-002	8.095366e-003
1.620499999999372e-002	8.433857e-003
1.622499999999372e-002	8.652243e-003
1.624499999999371e-002	8.749021e-003
1.626499999999370e-002	8.723320e-003
1.628499999999369e-002	8.574973e-003
1.630499999999369e-002	8.304780e-003
1.632499999999368e-002	7.914594e-003
1.634499999999367e-002	7.407246e-003
1.636499999999366e-002	6.786532e-003
1.638499999999366e-002	6.057303e-003
1.640499999999365e-002	5.225583e-003
1.642499999999364e-002	4.298714e-003
1.644499999999363e-002	3.285524e-003
1.646499999999362e-002	2.196485e-003
1.648499999999362e-002	1.043885e-003
1.650499999999361e-002	-1.580204e-004
1.652499999999360e-002	-1.392900e-003
1.654499999999359e-002	-2.642290e-003
1.656499999999359e-002	-3.885646e-003
1.658499999999358e-002	-5.100523e-003
1.660499999999357e-002	-6.262923e-003
1.662499999999356e-002	-7.347849e-003
1.664499999999355e-002	-8.330060e-003
1.666499999999355e-002	-9.185032e-003
1.668499999999354e-002	-9.890060e-003
1.670499999999353e-002	-1.042544e-002
1.672499999999352e-002	-1.077560e-002
1.674499999999352e-002	-1.093008e-002
1.676499999999351e-002	-1.088421e-002
1.678499999999350e-002	-1.063944e-002
1.680499999999349e-002	-1.020323e-002
1.682499999999348e-002	-9.588529e-003
1.684499999999348e-002	-8.812982e-003
1.686499999999347e-002	-7.897822e-003
1.688499999999346e-002	-6.866720e-003
1.690499999999345e-002	-5.744624e-003
1.692499999999345e-002	-4.556721e-003
1.694499999999344e-002	-3.327568e-003
1.696499999999343e-002	-2.080438e-003
1.698499999999342e-002	-8.368645e-004
1.700499999999341e-002	3.836181e-004
1.702499999999341e-002	1.563590e-003
1.704499999999340e-002	2.687741e-003
1.706499999999339e-002	3.742788e-003
1.708499999999338e-002	4.717340e-003
1.710499999999338e-002	5.601737e-003
1.712499999999337e-002	6.387893e-003
1.714499999999336e-002	7.069129e-003
1.716499999999335e-002	7.640034e-003
1.718499999999334e-002	8.096345e-003
1.720499999999334e-002	8.434837e-003
1.722499999999333e-002	8.653224e-003
1.724499999999332e-002	8.750002e-003
1.726499999999331e-002	8.724300e-003
1.728499999999331e-002	8.575953e-003
1.730499999999330e-002	8.305758e-003
1.732499999999329e-002	7.915571e-003
1.734499999999328e-002	7.408220e-003
1.736499999999328e-002	6.787505e-003
1.738499999999327e-002	6.058273e-003
1.740499999999326e-002	5.226549e-003
1.742499999999325e-002	4.299677e-003
1.744499999999324e-002	3.286482e-003
1.746499999999324e-002	2.197438e-003
1.748499999999323e-002	1.044834e-003
1.750499999999322e-002	-1.570772e-004
1.752499999999321e-002	-1.391962e-003
1.754499999999321e-002	-2.641358e-003
1.756499999999320e-002	-3.884721e-003
1.758499999999319e-002	-5.099604e-003
1.760499999999318e-002	-6.262010e-003
1.762499999999317e-002	-7.346942e-003
1.764499999999317e-002	-8.329159e-003
1.766499999999316e-002	-9.184135e-003
1.768499999999315e-002	-9.889168e-003
1.770499999999314e-002	-1.042455e-002
1.772499999999314e-002	-1.077471e-002
1.774499999999313e-002	-1.092919e-002
1.776499999999312e-002	-1.088333e-002
1.778499999999311e-002	-1.063856e-002
1.780499999999310e-002	-1.020234e-002
1.782499999999310e-002	-9.587635e-003
1.784499999999309e-002	-8.812083e-003
1.786499999999308e-002	-7.896919e-003
1.788499999999307e-002	-6.865811e-003
1.790499999999307e-002	-5.743709e-003
1.792499999999306e-002	-4.555800e-003
1.794499999999305e-002	-3.326641e-003
1.796499999999304e-002	-2.079504e-003
1.798499999999303e-002	-8.359249e-004
1.800499999999303e-002	3.845632e-004
1.802499999999302e-002	1.564540e-003
1.804499999999301e-002	2.688697e-003
1.806499999999300e-002	3.743748e-003
1.808499999999300e-002	4.718303e-003
1.810499999999299e-002	5.602704e-003
1.812499999999298e-002	6.388863e-003
1.814499999999297e-002	7.070101e-003
1.816499999999297e-002	7.641009e-003
1.818499999999296e-002	8.097321e-003
1.820499999999295e-002	8.435815e-003
1.822499999999294e-002	8.654202e-003
1.824499999999293e-002	8.750981e-003
1.826499999999293e-002	8.725279e-003
1.828499999999292e-002	8.576931e-003
1.830499999999291e-002	8.306735e-003
1.832499999999290e-002	7.916546e-003
1.834499999999290e-002	7.409194e-003
1.836499999999289e-002	6.788475e-003
1.838499999999288e-002	6.059241e-003
1.840499999999287e-002	5.227514e-003
1.842499999999286e-002	4.300638e-003
1.844499999999286e-002	3.287439e-003
1.846499999999285e-002	2.198390e-003
1.848499999999284e-002	1.045781e-003
1.850499999999283e-002	-1.561357e-004
1.852499999999283e-002	-1.391026e-003
1.854499999999282e-002	-2.640428e-003
1.856499999999281e-002	-3.883797e-003
1.858499999999280e-002	-5.098687e-003
1.860499999999279e-002	-6.261099e-003
1.862499999999279e-002	-7.346037e-003
1.864499999999278e-002	-8.328259e-003
1.866499999999277e-002	-9.183240e-003
1.868499999999276e-002	-9.888276e-003
1.870499999999276e-002	-1.042366e-002
1.872499999999275e-002	-1.077383e-002
1.874499999999274e-002	-1.092831e-002
1.876499999999273e-002	-1.088244e-002
1.878499999999272e-002	-1.063767e-002
1.880499999999272e-002	-1.020145e-002
1.882499999999271e-002	-9.586743e-003
1.884499999999270e-002	-8.811187e-003
1.886499999999269e-002	-7.896017e-003
1.888499999999269e-002	-6.864903e-003
1.890499999999268e-002	-5.742796e-003
1.892499999999267e-002	-4.554880e-003
1.894499999999266e-002	-3.325715e-003
1.896499999999265e-002	-2.078572e-003
1.898499999999265e-002	-8.349872e-004
1.900499999999264e-002	3.855064e-004
1.902499999999263e-002	1.565489e-003
1.904499999999262e-002	2.689650e-003
1.906499999999262e-002	3.744706e-003
1.908499999999261e-002	4.719265e-003
1.910499999999260e-002	5.603670e-003
1.912499999999259e-002	6.389831e-003
1.914499999999259e-002	7.071072e-003
1.916499999999258e-002	7.641982e-003
1.918499999999257e-002	8.098295e-003
1.920499999999256e-002	8.436791e-003
1.922499999999255e-002	8.655178e-003
1.924499999999255e-002	8.751957e-003
1.926499999999254e-002	8.726256e-003
1.928499999999253e-002	8.577906e-003
1.930499999999252e-002	8.307710e-003
1.932499999999252e-002	7.917520e-003
1.934499999999251e-002	7.410165e-003
1.936499999999250e-002	6.789444e-003
1.938499999999249e-002	6.060207e-003
1.940499999999248e-002	5.228477e-003
1.942499999999248e-002	4.301597e-003
1.944499999999247e-002	3.288394e-003
1.946499999999246e-002	2.199341e-003
1.948499999999245e-002	1.046726e-003
1.950499999999245e-002	-1.551961e-004
1.952499999999244e-002	-1.390093e-003
1.954499999999243e-002	-2.639501e-003
1.956499999999242e-002	-3.882876e-003
1.958499999999241e-002	-5.097771e-003
1.960499999999241e-002	-6.260190e-003
1.962499999999240e-002	-7.345133e-003
1.964499999999239e-002	-8.327361e-003
1.966499999999238e-002	-9.182348e-003
1.968499999999238e-002	-9.887388e-003
1.970499999999237e-002	-1.042278e-002
1.972499999999236e-002	-1.077294e-002
1.974499999999235e-002	-1.092743e-002
1.976499999999234e-002	-1.088156e-002
1.978499999999234e-002	-1.063678e-002
1.980499999999233e-002	-1.020056e-002
1.982499999999232e-002	-9.585853e-003
1.984499999999231e-002	-8.810291e-003
1.986499999999231e-002	-7.895117e-003
1.988499999999230e-002	-6.863997e-003
1.990499999999229e-002	-5.741884e-003
1.992499999999228e-002	-4.553962e-003
1.994499999999227e-002	-3.324791e-003
1.996499999999227e-002	-2.077642e-003
1.998499999999226e-002	-8.340513e-004
1.999499999999226e-002	-2.187283e-004
2.000000000000000e-002	8.674416e-005
