time	V(n002)
0.000000000000000e+000	8.905629e-005
3.571428571428179e-006	-7.842798e-003
7.142857142856358e-006	-1.575962e-002
1.071428571428454e-005	-2.366141e-002
1.428571428571272e-005	-3.154817e-002
1.785714285714090e-005	-3.941989e-002
2.142857142856907e-005	-4.727658e-002
2.499999999999725e-005	-5.511824e-002
4.499999999998949e-005	-9.834772e-002
6.499999999998174e-005	-1.399916e-001
8.499999999997399e-005	-1.793857e-001
1.049999999999662e-004	-2.159070e-001
1.249999999999585e-004	-2.489825e-001
1.449999999999507e-004	-2.780979e-001
1.649999999999430e-004	-3.028043e-001
1.849999999999352e-004	-3.227235e-001
2.049999999999275e-004	-3.375525e-001
2.249999999999197e-004	-3.470668e-001
2.449999999999120e-004	-3.511229e-001
2.649999999999042e-004	-3.496593e-001
2.849999999998965e-004	-3.426979e-001
3.049999999998887e-004	-3.303430e-001
3.249999999998809e-004	-3.127811e-001
3.449999999998732e-004	-2.902784e-001
3.649999999998654e-004	-2.631783e-001
3.849999999998577e-004	-2.318974e-001
4.049999999998499e-004	-1.969205e-001
4.249999999998422e-004	-1.587941e-001
4.449999999998344e-004	-1.181193e-001
4.649999999998267e-004	-7.554282e-002
4.849999999998189e-004	-3.174620e-002
5.049999999998112e-004	1.256514e-002
5.249999999998034e-004	5.667488e-002
5.449999999997957e-004	9.986921e-002
5.649999999997879e-004	1.414506e-001
5.849999999997801e-004	1.807517e-001
6.049999999997724e-004	2.171478e-001
6.249999999997646e-004	2.500686e-001
6.449999999997569e-004	2.790072e-001
6.649999999997491e-004	3.035274e-001
6.849999999997414e-004	3.232677e-001
7.049999999997336e-004	3.379437e-001
7.249999999997259e-004	3.473482e-001
7.449999999997181e-004	3.513506e-001
7.649999999997104e-004	3.498961e-001
7.849999999997026e-004	3.430050e-001
8.049999999996949e-004	3.307727e-001
8.249999999996871e-004	3.133708e-001
8.449999999996793e-004	2.910478e-001
8.649999999996716e-004	2.641291e-001
8.849999999996638e-004	2.330163e-001
9.049999999996561e-004	1.981838e-001
9.249999999996483e-004	1.601727e-001
9.449999999996406e-004	1.195835e-001
9.649999999996328e-004	7.706459e-002
9.849999999996251e-004	3.330098e-002
1.004999999999617e-003	-1.099967e-002
1.024999999999610e-003	-5.512069e-002
1.044999999999602e-003	-9.835016e-002
1.064999999999594e-003	-1.399940e-001
1.084999999999586e-003	-1.793882e-001
1.104999999999579e-003	-2.159094e-001
1.124999999999571e-003	-2.489849e-001
1.144999999999563e-003	-2.781004e-001
1.164999999999555e-003	-3.028068e-001
1.184999999999548e-003	-3.227260e-001
1.204999999999540e-003	-3.375550e-001
1.224999999999532e-003	-3.470693e-001
1.244999999999524e-003	-3.511254e-001
1.264999999999517e-003	-3.496618e-001
1.284999999999509e-003	-3.427004e-001
1.304999999999501e-003	-3.303455e-001
1.324999999999493e-003	-3.127836e-001
1.344999999999486e-003	-2.902809e-001
1.364999999999478e-003	-2.631808e-001
1.384999999999470e-003	-2.318999e-001
1.404999999999462e-003	-1.969229e-001
1.424999999999455e-003	-1.587965e-001
1.444999999999447e-003	-1.181218e-001
1.464999999999439e-003	-7.554522e-002
1.484999999999431e-003	-3.174860e-002
1.504999999999424e-003	1.256274e-002
1.524999999999416e-003	5.667248e-002
1.544999999999408e-003	9.986681e-002
1.564999999999400e-003	1.414482e-001
1.584999999999393e-003	1.807493e-001
1.604999999999385e-003	2.171454e-001
1.624999999999377e-003	2.500662e-001
1.644999999999369e-003	2.790048e-001
1.664999999999361e-003	3.035250e-001
1.684999999999354e-003	3.232653e-001
1.704999999999346e-003	3.379412e-001
1.724999999999338e-003	3.473457e-001
1.744999999999330e-003	3.513481e-001
1.764999999999323e-003	3.498936e-001
1.784999999999315e-003	3.430025e-001
1.804999999999307e-003	3.307702e-001
1.824999999999299e-003	3.133683e-001
1.844999999999292e-003	2.910453e-001
1.864999999999284e-003	2.641267e-001
1.884999999999276e-003	2.330139e-001
1.904999999999268e-003	1.981814e-001
1.924999999999261e-003	1.601703e-001
1.944999999999253e-003	1.195811e-001
1.964999999999245e-003	7.706220e-002
1.984999999999237e-003	3.329860e-002
2.004999999999230e-003	-1.100206e-002
2.024999999999222e-003	-5.512308e-002
2.044999999999214e-003	-9.835255e-002
2.064999999999206e-003	-1.399964e-001
2.084999999999199e-003	-1.793906e-001
2.104999999999191e-003	-2.159119e-001
2.124999999999183e-003	-2.489874e-001
2.144999999999175e-003	-2.781028e-001
2.164999999999168e-003	-3.028092e-001
2.184999999999160e-003	-3.227285e-001
2.204999999999152e-003	-3.375575e-001
2.224999999999144e-003	-3.470718e-001
2.244999999999137e-003	-3.511279e-001
2.264999999999129e-003	-3.496643e-001
2.284999999999121e-003	-3.427028e-001
2.304999999999113e-003	-3.303480e-001
2.324999999999106e-003	-3.127860e-001
2.344999999999098e-003	-2.902834e-001
2.364999999999090e-003	-2.631832e-001
2.384999999999082e-003	-2.319023e-001
2.404999999999075e-003	-1.969253e-001
2.424999999999067e-003	-1.587989e-001
2.444999999999059e-003	-1.181241e-001
2.464999999999051e-003	-7.554760e-002
2.484999999999044e-003	-3.175097e-002
2.504999999999036e-003	1.256038e-002
2.524999999999028e-003	5.667013e-002
2.544999999999020e-003	9.986445e-002
2.564999999999013e-003	1.414459e-001
2.584999999999005e-003	1.807469e-001
2.604999999998997e-003	2.171430e-001
2.624999999998989e-003	2.500638e-001
2.644999999998982e-003	2.790024e-001
2.664999999998974e-003	3.035225e-001
2.684999999998966e-003	3.232628e-001
2.704999999998958e-003	3.379388e-001
2.724999999998951e-003	3.473432e-001
2.744999999998943e-003	3.513457e-001
2.764999999998935e-003	3.498912e-001
2.784999999998927e-003	3.430001e-001
2.804999999998920e-003	3.307678e-001
2.824999999998912e-003	3.133659e-001
2.844999999998904e-003	2.910429e-001
2.864999999998896e-003	2.641243e-001
2.884999999998889e-003	2.330116e-001
2.904999999998881e-003	1.981790e-001
2.924999999998873e-003	1.601680e-001
2.944999999998865e-003	1.195787e-001
2.964999999998857e-003	7.705986e-002
2.984999999998850e-003	3.329625e-002
3.004999999998842e-003	-1.100441e-002
3.024999999998834e-003	-5.512544e-002
3.044999999998826e-003	-9.835492e-002
3.064999999998819e-003	-1.399988e-001
3.084999999998811e-003	-1.793930e-001
3.104999999998803e-003	-2.159142e-001
3.124999999998795e-003	-2.489898e-001
3.144999999998788e-003	-2.781053e-001
3.164999999998780e-003	-3.028117e-001
3.184999999998772e-003	-3.227309e-001
3.204999999998764e-003	-3.375599e-001
3.224999999998757e-003	-3.470743e-001
3.244999999998749e-003	-3.511303e-001
3.264999999998741e-003	-3.496667e-001
3.284999999998733e-003	-3.427053e-001
3.304999999998726e-003	-3.303504e-001
3.324999999998718e-003	-3.127885e-001
3.344999999998710e-003	-2.902858e-001
3.364999999998702e-003	-2.631857e-001
3.384999999998695e-003	-2.319047e-001
3.404999999998687e-003	-1.969277e-001
3.424999999998679e-003	-1.588013e-001
3.444999999998671e-003	-1.181265e-001
3.464999999998664e-003	-7.554995e-002
3.484999999998656e-003	-3.175331e-002
3.504999999998648e-003	1.255805e-002
3.524999999998640e-003	5.666780e-002
3.544999999998633e-003	9.986213e-002
3.564999999998625e-003	1.414436e-001
3.584999999998617e-003	1.807446e-001
3.604999999998609e-003	2.171407e-001
3.624999999998602e-003	2.500614e-001
3.644999999998594e-003	2.790000e-001
3.664999999998586e-003	3.035202e-001
3.684999999998578e-003	3.232604e-001
3.704999999998571e-003	3.379364e-001
3.724999999998563e-003	3.473408e-001
3.744999999998555e-003	3.513433e-001
3.764999999998547e-003	3.498888e-001
3.784999999998540e-003	3.429977e-001
3.804999999998532e-003	3.307654e-001
3.824999999998524e-003	3.133636e-001
3.844999999998516e-003	2.910405e-001
3.864999999998509e-003	2.641219e-001
3.884999999998501e-003	2.330092e-001
3.904999999998493e-003	1.981767e-001
3.924999999998485e-003	1.601657e-001
3.944999999998478e-003	1.195764e-001
3.964999999998470e-003	7.705754e-002
3.984999999998462e-003	3.329394e-002
3.994999999998458e-003	1.116975e-002
4.000000000000004e-003	7.966318e-005
