time	V(b)
0.000000000000000e+000	6.918581e-001
6.428571428569929e-006	6.922462e-001
1.285714285713986e-005	6.926289e-001
1.928571428570979e-005	6.930062e-001
2.571428571427972e-005	6.933780e-001
3.214285714284965e-005	6.937444e-001
3.857142857141958e-005	6.941054e-001
4.499999999998949e-005	6.944609e-001
6.499999999998174e-005	6.955151e-001
8.499999999997399e-005	6.964886e-001
1.049999999999662e-004	6.973715e-001
1.249999999999585e-004	6.981561e-001
1.449999999999507e-004	6.988355e-001
1.649999999999430e-004	6.994044e-001
1.849999999999352e-004	6.998585e-001
2.049999999999275e-004	7.001948e-001
2.249999999999197e-004	7.004108e-001
2.449999999999120e-004	7.005053e-001
2.649999999999042e-004	7.004772e-001
2.849999999998965e-004	7.003265e-001
3.049999999998887e-004	7.000540e-001
3.249999999998809e-004	6.996617e-001
3.449999999998732e-004	6.991524e-001
3.649999999998654e-004	6.985298e-001
3.849999999998577e-004	6.977990e-001
4.049999999998499e-004	6.969658e-001
4.249999999998422e-004	6.960378e-001
4.449999999998344e-004	6.950238e-001
4.649999999998267e-004	6.939341e-001
4.849999999998189e-004	6.927813e-001
5.049999999998112e-004	6.915794e-001
5.249999999998034e-004	6.903449e-001
5.449999999997957e-004	6.890961e-001
5.649999999997879e-004	6.878536e-001
5.849999999997801e-004	6.866399e-001
6.049999999997724e-004	6.854789e-001
6.249999999997646e-004	6.843956e-001
6.449999999997569e-004	6.834152e-001
6.649999999997491e-004	6.825622e-001
6.849999999997414e-004	6.818593e-001
7.049999999997336e-004	6.813261e-001
7.249999999997259e-004	6.809782e-001
7.449999999997181e-004	6.808259e-001
7.649999999997104e-004	6.808741e-001
7.849999999997026e-004	6.811211e-001
8.049999999996949e-004	6.815594e-001
8.249999999996871e-004	6.821762e-001
8.449999999996793e-004	6.829537e-001
8.649999999996716e-004	6.838706e-001
8.849999999996638e-004	6.849031e-001
9.049999999996561e-004	6.860266e-001
9.249999999996483e-004	6.872156e-001
9.449999999996406e-004	6.884455e-001
9.649999999996328e-004	6.896932e-001
9.849999999996251e-004	6.909370e-001
1.004999999999617e-003	6.921575e-001
1.024999999999610e-003	6.933372e-001
1.044999999999602e-003	6.944607e-001
1.064999999999594e-003	6.955149e-001
1.084999999999586e-003	6.964884e-001
1.104999999999579e-003	6.973714e-001
1.124999999999571e-003	6.981559e-001
1.144999999999563e-003	6.988353e-001
1.164999999999555e-003	6.994042e-001
1.184999999999548e-003	6.998584e-001
1.204999999999540e-003	7.001947e-001
1.224999999999532e-003	7.004107e-001
1.244999999999524e-003	7.005051e-001
1.264999999999517e-003	7.004770e-001
1.284999999999509e-003	7.003263e-001
1.304999999999501e-003	7.000539e-001
1.324999999999493e-003	6.996616e-001
1.344999999999486e-003	6.991522e-001
1.364999999999478e-003	6.985296e-001
1.384999999999470e-003	6.977988e-001
1.404999999999462e-003	6.969656e-001
1.424999999999455e-003	6.960377e-001
1.444999999999447e-003	6.950236e-001
1.464999999999439e-003	6.939340e-001
1.484999999999431e-003	6.927811e-001
1.504999999999424e-003	6.915792e-001
1.524999999999416e-003	6.903446e-001
1.544999999999408e-003	6.890959e-001
1.564999999999400e-003	6.878534e-001
1.584999999999393e-003	6.866397e-001
1.604999999999385e-003	6.854787e-001
1.624999999999377e-003	6.843954e-001
1.644999999999369e-003	6.834149e-001
1.664999999999361e-003	6.825619e-001
1.684999999999354e-003	6.818590e-001
1.704999999999346e-003	6.813259e-001
1.724999999999338e-003	6.809779e-001
1.744999999999330e-003	6.808257e-001
1.764999999999323e-003	6.808739e-001
1.784999999999315e-003	6.811209e-001
1.804999999999307e-003	6.815592e-001
1.824999999999299e-003	6.821760e-001
1.844999999999292e-003	6.829534e-001
1.864999999999284e-003	6.838703e-001
1.884999999999276e-003	6.849029e-001
1.904999999999268e-003	6.860263e-001
1.924999999999261e-003	6.872153e-001
1.944999999999253e-003	6.884453e-001
1.964999999999245e-003	6.896930e-001
1.984999999999237e-003	6.909369e-001
2.004999999999230e-003	6.921573e-001
2.024999999999222e-003	6.933370e-001
2.044999999999214e-003	6.944606e-001
2.064999999999206e-003	6.955148e-001
2.084999999999199e-003	6.964882e-001
2.104999999999191e-003	6.973712e-001
2.124999999999183e-003	6.981558e-001
2.144999999999175e-003	6.988352e-001
2.164999999999168e-003	6.994041e-001
2.184999999999160e-003	6.998582e-001
2.204999999999152e-003	7.001945e-001
2.224999999999144e-003	7.004105e-001
2.244999999999137e-003	7.005050e-001
2.264999999999129e-003	7.004769e-001
2.284999999999121e-003	7.003262e-001
2.304999999999113e-003	7.000538e-001
2.324999999999106e-003	6.996614e-001
2.344999999999098e-003	6.991520e-001
2.364999999999090e-003	6.985295e-001
2.384999999999082e-003	6.977986e-001
2.404999999999075e-003	6.969655e-001
2.424999999999067e-003	6.960375e-001
2.444999999999059e-003	6.950234e-001
2.464999999999051e-003	6.939338e-001
2.484999999999044e-003	6.927809e-001
2.504999999999036e-003	6.915790e-001
2.524999999999028e-003	6.903445e-001
2.544999999999020e-003	6.890956e-001
2.564999999999013e-003	6.878532e-001
2.584999999999005e-003	6.866394e-001
2.604999999998997e-003	6.854784e-001
2.624999999998989e-003	6.843951e-001
2.644999999998982e-003	6.834147e-001
2.664999999998974e-003	6.825617e-001
2.684999999998966e-003	6.818588e-001
2.704999999998958e-003	6.813256e-001
2.724999999998951e-003	6.809777e-001
2.744999999998943e-003	6.808255e-001
2.764999999998935e-003	6.808736e-001
2.784999999998927e-003	6.811206e-001
2.804999999998920e-003	6.815590e-001
2.824999999998912e-003	6.821758e-001
2.844999999998904e-003	6.829532e-001
2.864999999998896e-003	6.838701e-001
2.884999999998889e-003	6.849027e-001
2.904999999998881e-003	6.860262e-001
2.924999999998873e-003	6.872151e-001
2.944999999998865e-003	6.884451e-001
2.964999999998857e-003	6.896929e-001
2.984999999998850e-003	6.909367e-001
3.004999999998842e-003	6.921571e-001
3.024999999998834e-003	6.933368e-001
3.044999999998826e-003	6.944604e-001
3.064999999998819e-003	6.955146e-001
3.084999999998811e-003	6.964880e-001
3.104999999998803e-003	6.973711e-001
3.124999999998795e-003	6.981556e-001
3.144999999998788e-003	6.988350e-001
3.164999999998780e-003	6.994039e-001
3.184999999998772e-003	6.998581e-001
3.204999999998764e-003	7.001944e-001
3.224999999998757e-003	7.004104e-001
3.244999999998749e-003	7.005048e-001
3.264999999998741e-003	7.004768e-001
3.284999999998733e-003	7.003261e-001
3.304999999998726e-003	7.000536e-001
3.324999999998718e-003	6.996613e-001
3.344999999998710e-003	6.991519e-001
3.364999999998702e-003	6.985293e-001
3.384999999998695e-003	6.977985e-001
3.404999999998687e-003	6.969653e-001
3.424999999998679e-003	6.960373e-001
3.444999999998671e-003	6.950232e-001
3.464999999998664e-003	6.939336e-001
3.484999999998656e-003	6.927807e-001
3.504999999998648e-003	6.915789e-001
3.524999999998640e-003	6.903443e-001
3.544999999998633e-003	6.890955e-001
3.564999999998625e-003	6.878530e-001
3.584999999998617e-003	6.866392e-001
3.604999999998609e-003	6.854782e-001
3.624999999998602e-003	6.843949e-001
3.644999999998594e-003	6.834145e-001
3.664999999998586e-003	6.825615e-001
3.684999999998578e-003	6.818585e-001
3.704999999998571e-003	6.813254e-001
3.724999999998563e-003	6.809775e-001
3.744999999998555e-003	6.808252e-001
3.764999999998547e-003	6.808734e-001
3.784999999998540e-003	6.811204e-001
3.804999999998532e-003	6.815587e-001
3.824999999998524e-003	6.821755e-001
3.844999999998516e-003	6.829529e-001
3.864999999998509e-003	6.838698e-001
3.884999999998501e-003	6.849025e-001
3.904999999998493e-003	6.860260e-001
3.924999999998485e-003	6.872150e-001
3.944999999998478e-003	6.884449e-001
3.964999999998470e-003	6.896926e-001
3.984999999998462e-003	6.909365e-001
4.004999999998454e-003	6.921570e-001
4.024999999998447e-003	6.933367e-001
4.044999999998439e-003	6.944602e-001
4.064999999998431e-003	6.955144e-001
4.084999999998423e-003	6.964878e-001
4.104999999998416e-003	6.973709e-001
4.124999999998408e-003	6.981554e-001
4.144999999998400e-003	6.988349e-001
4.164999999998392e-003	6.994038e-001
4.184999999998385e-003	6.998580e-001
4.204999999998377e-003	7.001942e-001
4.224999999998369e-003	7.004102e-001
4.244999999998361e-003	7.005047e-001
4.264999999998353e-003	7.004766e-001
4.284999999998346e-003	7.003259e-001
4.304999999998338e-003	7.000535e-001
4.324999999998330e-003	6.996611e-001
4.344999999998322e-003	6.991517e-001
4.364999999998315e-003	6.985291e-001
4.384999999998307e-003	6.977983e-001
4.404999999998299e-003	6.969652e-001
4.424999999998291e-003	6.960372e-001
4.444999999998284e-003	6.950231e-001
4.464999999998276e-003	6.939335e-001
4.484999999998268e-003	6.927806e-001
4.504999999998260e-003	6.915786e-001
4.524999999998253e-003	6.903441e-001
4.544999999998245e-003	6.890953e-001
4.564999999998237e-003	6.878528e-001
4.584999999998229e-003	6.866390e-001
4.604999999998222e-003	6.854780e-001
4.624999999998214e-003	6.843947e-001
4.644999999998206e-003	6.834143e-001
4.664999999998198e-003	6.825613e-001
4.684999999998191e-003	6.818583e-001
4.704999999998183e-003	6.813251e-001
4.724999999998175e-003	6.809772e-001
4.744999999998167e-003	6.808250e-001
4.764999999998160e-003	6.808732e-001
4.784999999998152e-003	6.811202e-001
4.804999999998144e-003	6.815585e-001
4.824999999998136e-003	6.821753e-001
4.844999999998129e-003	6.829527e-001
4.864999999998121e-003	6.838696e-001
4.884999999998113e-003	6.849023e-001
4.904999999998105e-003	6.860257e-001
4.924999999998098e-003	6.872147e-001
4.944999999998090e-003	6.884447e-001
4.964999999998082e-003	6.896924e-001
4.984999999998074e-003	6.909363e-001
5.004999999998067e-003	6.921568e-001
5.024999999998059e-003	6.933365e-001
5.044999999998051e-003	6.944601e-001
5.064999999998043e-003	6.955143e-001
5.084999999998036e-003	6.964877e-001
5.104999999998028e-003	6.973708e-001
5.124999999998020e-003	6.981553e-001
5.144999999998012e-003	6.988347e-001
5.164999999998005e-003	6.994036e-001
5.184999999997997e-003	6.998578e-001
5.204999999997989e-003	7.001941e-001
5.224999999997981e-003	7.004101e-001
5.244999999997974e-003	7.005045e-001
5.264999999997966e-003	7.004764e-001
5.284999999997958e-003	7.003257e-001
5.304999999997950e-003	7.000533e-001
5.324999999997943e-003	6.996609e-001
5.344999999997935e-003	6.991516e-001
5.364999999997927e-003	6.985290e-001
5.384999999997919e-003	6.977981e-001
5.404999999997912e-003	6.969650e-001
5.424999999997904e-003	6.960370e-001
5.444999999997896e-003	6.950229e-001
5.464999999997888e-003	6.939332e-001
5.484999999997881e-003	6.927804e-001
5.504999999997873e-003	6.915785e-001
5.524999999997865e-003	6.903439e-001
5.544999999997857e-003	6.890950e-001
5.564999999997849e-003	6.878526e-001
5.584999999997842e-003	6.866388e-001
5.604999999997834e-003	6.854778e-001
5.624999999997826e-003	6.843945e-001
5.644999999997818e-003	6.834140e-001
5.664999999997811e-003	6.825610e-001
5.684999999997803e-003	6.818581e-001
5.704999999997795e-003	6.813248e-001
5.724999999997787e-003	6.809769e-001
5.744999999997780e-003	6.808248e-001
5.764999999997772e-003	6.808729e-001
5.784999999997764e-003	6.811199e-001
5.804999999997756e-003	6.815583e-001
5.824999999997749e-003	6.821750e-001
5.844999999997741e-003	6.829525e-001
5.864999999997733e-003	6.838694e-001
5.884999999997725e-003	6.849021e-001
5.904999999997718e-003	6.860255e-001
5.924999999997710e-003	6.872145e-001
5.944999999997702e-003	6.884445e-001
5.964999999997694e-003	6.896923e-001
5.984999999997687e-003	6.909361e-001
6.004999999997679e-003	6.921566e-001
6.024999999997671e-003	6.933363e-001
6.044999999997663e-003	6.944599e-001
6.064999999997656e-003	6.955141e-001
6.084999999997648e-003	6.964875e-001
6.104999999997640e-003	6.973705e-001
6.124999999997632e-003	6.981552e-001
6.144999999997625e-003	6.988345e-001
6.164999999997617e-003	6.994035e-001
6.184999999997609e-003	6.998577e-001
6.204999999997601e-003	7.001939e-001
6.224999999997594e-003	7.004099e-001
6.244999999997586e-003	7.005044e-001
6.264999999997578e-003	7.004763e-001
6.284999999997570e-003	7.003256e-001
6.304999999997563e-003	7.000531e-001
6.324999999997555e-003	6.996608e-001
6.344999999997547e-003	6.991514e-001
6.364999999997539e-003	6.985288e-001
6.384999999997532e-003	6.977980e-001
6.404999999997524e-003	6.969649e-001
6.424999999997516e-003	6.960368e-001
6.444999999997508e-003	6.950228e-001
6.464999999997501e-003	6.939331e-001
6.484999999997493e-003	6.927802e-001
6.504999999997485e-003	6.915783e-001
6.524999999997477e-003	6.903437e-001
6.544999999997470e-003	6.890949e-001
6.564999999997462e-003	6.878524e-001
6.584999999997454e-003	6.866386e-001
6.604999999997446e-003	6.854776e-001
6.624999999997439e-003	6.843942e-001
6.644999999997431e-003	6.834138e-001
6.664999999997423e-003	6.825608e-001
6.684999999997415e-003	6.818578e-001
6.704999999997408e-003	6.813246e-001
6.724999999997400e-003	6.809767e-001
6.744999999997392e-003	6.808245e-001
6.764999999997384e-003	6.808727e-001
6.784999999997377e-003	6.811197e-001
6.804999999997369e-003	6.815580e-001
6.824999999997361e-003	6.821748e-001
6.844999999997353e-003	6.829523e-001
6.864999999997345e-003	6.838692e-001
6.884999999997338e-003	6.849018e-001
6.904999999997330e-003	6.860253e-001
6.924999999997322e-003	6.872143e-001
6.944999999997314e-003	6.884443e-001
6.964999999997307e-003	6.896920e-001
6.984999999997299e-003	6.909359e-001
7.004999999997291e-003	6.921564e-001
7.024999999997283e-003	6.933361e-001
7.044999999997276e-003	6.944597e-001
7.064999999997268e-003	6.955139e-001
7.084999999997260e-003	6.964874e-001
7.104999999997252e-003	6.973704e-001
7.124999999997245e-003	6.981549e-001
7.144999999997237e-003	6.988344e-001
7.164999999997229e-003	6.994033e-001
7.184999999997221e-003	6.998575e-001
7.204999999997214e-003	7.001938e-001
7.224999999997206e-003	7.004098e-001
7.244999999997198e-003	7.005042e-001
7.264999999997190e-003	7.004761e-001
7.284999999997183e-003	7.003254e-001
7.304999999997175e-003	7.000530e-001
7.324999999997167e-003	6.996606e-001
7.344999999997159e-003	6.991513e-001
7.364999999997152e-003	6.985287e-001
7.384999999997144e-003	6.977978e-001
7.404999999997136e-003	6.969647e-001
7.424999999997128e-003	6.960367e-001
7.444999999997121e-003	6.950226e-001
7.464999999997113e-003	6.939329e-001
7.484999999997105e-003	6.927800e-001
7.504999999997097e-003	6.915781e-001
7.524999999997090e-003	6.903435e-001
7.544999999997082e-003	6.890947e-001
7.564999999997074e-003	6.878521e-001
7.584999999997066e-003	6.866384e-001
7.604999999997059e-003	6.854774e-001
7.624999999997051e-003	6.843940e-001
7.644999999997043e-003	6.834136e-001
7.664999999997035e-003	6.825606e-001
7.684999999997028e-003	6.818576e-001
7.704999999997020e-003	6.813244e-001
7.724999999997012e-003	6.809765e-001
7.744999999997004e-003	6.808243e-001
7.764999999996997e-003	6.808724e-001
7.784999999996989e-003	6.811194e-001
7.804999999996981e-003	6.815578e-001
7.824999999996973e-003	6.821746e-001
7.844999999996966e-003	6.829520e-001
7.864999999996958e-003	6.838689e-001
7.884999999996950e-003	6.849016e-001
7.904999999996942e-003	6.860251e-001
7.924999999996935e-003	6.872141e-001
7.944999999996927e-003	6.884441e-001
7.964999999996919e-003	6.896918e-001
7.984999999996911e-003	6.909357e-001
8.004999999996904e-003	6.921563e-001
8.024999999996896e-003	6.933360e-001
8.044999999996888e-003	6.944596e-001
8.064999999996880e-003	6.955137e-001
8.084999999996873e-003	6.964872e-001
8.104999999996865e-003	6.973703e-001
8.124999999996857e-003	6.981548e-001
8.144999999996849e-003	6.988342e-001
8.164999999996842e-003	6.994032e-001
8.184999999996834e-003	6.998574e-001
8.204999999996826e-003	7.001936e-001
8.224999999996818e-003	7.004097e-001
8.244999999996810e-003	7.005041e-001
8.264999999996803e-003	7.004760e-001
8.284999999996795e-003	7.003253e-001
8.304999999996787e-003	7.000529e-001
8.324999999996779e-003	6.996605e-001
8.344999999996772e-003	6.991511e-001
8.364999999996764e-003	6.985285e-001
8.384999999996756e-003	6.977977e-001
8.404999999996748e-003	6.969645e-001
8.424999999996741e-003	6.960365e-001
8.444999999996733e-003	6.950224e-001
8.464999999996725e-003	6.939328e-001
8.484999999996717e-003	6.927798e-001
8.504999999996710e-003	6.915779e-001
8.524999999996702e-003	6.903433e-001
8.544999999996694e-003	6.890944e-001
8.564999999996686e-003	6.878520e-001
8.584999999996679e-003	6.866382e-001
8.604999999996671e-003	6.854771e-001
8.624999999996663e-003	6.843938e-001
8.644999999996655e-003	6.834133e-001
8.664999999996648e-003	6.825603e-001
8.684999999996640e-003	6.818573e-001
8.704999999996632e-003	6.813241e-001
8.724999999996624e-003	6.809762e-001
8.744999999996617e-003	6.808240e-001
8.764999999996609e-003	6.808721e-001
8.784999999996601e-003	6.811192e-001
8.804999999996593e-003	6.815575e-001
8.824999999996586e-003	6.821743e-001
8.844999999996578e-003	6.829518e-001
8.864999999996570e-003	6.838688e-001
8.884999999996562e-003	6.849014e-001
8.904999999996555e-003	6.860249e-001
8.924999999996547e-003	6.872139e-001
8.944999999996539e-003	6.884439e-001
8.964999999996531e-003	6.896917e-001
8.984999999996524e-003	6.909356e-001
9.004999999996516e-003	6.921561e-001
9.024999999996508e-003	6.933358e-001
9.044999999996500e-003	6.944594e-001
9.064999999996493e-003	6.955136e-001
9.084999999996485e-003	6.964871e-001
9.104999999996477e-003	6.973701e-001
9.124999999996469e-003	6.981547e-001
9.144999999996462e-003	6.988341e-001
9.164999999996454e-003	6.994030e-001
9.184999999996446e-003	6.998572e-001
9.204999999996438e-003	7.001935e-001
9.224999999996431e-003	7.004095e-001
9.244999999996423e-003	7.005039e-001
9.264999999996415e-003	7.004758e-001
9.284999999996407e-003	7.003251e-001
9.304999999996400e-003	7.000527e-001
9.324999999996392e-003	6.996603e-001
9.344999999996384e-003	6.991509e-001
9.364999999996376e-003	6.985284e-001
9.384999999996369e-003	6.977975e-001
9.404999999996361e-003	6.969644e-001
9.424999999996353e-003	6.960363e-001
9.444999999996345e-003	6.950222e-001
9.464999999996338e-003	6.939325e-001
9.484999999996330e-003	6.927797e-001
9.504999999996322e-003	6.915777e-001
9.524999999996314e-003	6.903431e-001
9.544999999996306e-003	6.890942e-001
9.564999999996299e-003	6.878517e-001
9.584999999996291e-003	6.866379e-001
9.604999999996283e-003	6.854769e-001
9.624999999996275e-003	6.843936e-001
9.644999999996268e-003	6.834131e-001
9.664999999996260e-003	6.825601e-001
9.684999999996252e-003	6.818571e-001
9.704999999996244e-003	6.813239e-001
9.724999999996237e-003	6.809760e-001
9.744999999996229e-003	6.808238e-001
9.764999999996221e-003	6.808719e-001
9.784999999996213e-003	6.811190e-001
9.804999999996206e-003	6.815573e-001
9.824999999996198e-003	6.821741e-001
9.844999999996190e-003	6.829516e-001
9.864999999996182e-003	6.838685e-001
9.884999999996175e-003	6.849012e-001
9.904999999996167e-003	6.860247e-001
9.924999999996159e-003	6.872137e-001
9.944999999996151e-003	6.884437e-001
9.964999999996144e-003	6.896914e-001
9.984999999996136e-003	6.909354e-001
1.000499999999613e-002	6.921559e-001
1.002499999999612e-002	6.933356e-001
1.004499999999611e-002	6.944592e-001
1.006499999999611e-002	6.955134e-001
1.008499999999610e-002	6.964869e-001
1.010499999999609e-002	6.973699e-001
1.012499999999608e-002	6.981544e-001
1.014499999999607e-002	6.988339e-001
1.016499999999607e-002	6.994029e-001
1.018499999999606e-002	6.998571e-001
1.020499999999605e-002	7.001933e-001
1.022499999999604e-002	7.004094e-001
1.024499999999604e-002	7.005038e-001
1.026499999999603e-002	7.004757e-001
1.028499999999602e-002	7.003250e-001
1.030499999999601e-002	7.000525e-001
1.032499999999600e-002	6.996602e-001
1.034499999999600e-002	6.991508e-001
1.036499999999599e-002	6.985282e-001
1.038499999999598e-002	6.977974e-001
1.040499999999597e-002	6.969642e-001
1.042499999999597e-002	6.960362e-001
1.044499999999596e-002	6.950220e-001
1.046499999999595e-002	6.939324e-001
1.048499999999594e-002	6.927795e-001
1.050499999999593e-002	6.915776e-001
1.052499999999593e-002	6.903429e-001
1.054499999999592e-002	6.890941e-001
1.056499999999591e-002	6.878515e-001
1.058499999999590e-002	6.866378e-001
1.060499999999590e-002	6.854767e-001
1.062499999999589e-002	6.843933e-001
1.064499999999588e-002	6.834129e-001
1.066499999999587e-002	6.825598e-001
1.068499999999586e-002	6.818569e-001
1.070499999999586e-002	6.813236e-001
1.072499999999585e-002	6.809757e-001
1.074499999999584e-002	6.808235e-001
1.076499999999583e-002	6.808717e-001
1.078499999999583e-002	6.811187e-001
1.080499999999582e-002	6.815571e-001
1.082499999999581e-002	6.821738e-001
1.084499999999580e-002	6.829513e-001
1.086499999999580e-002	6.838683e-001
1.088499999999579e-002	6.849009e-001
1.090499999999578e-002	6.860244e-001
1.092499999999577e-002	6.872135e-001
1.094499999999576e-002	6.884435e-001
1.096499999999576e-002	6.896913e-001
1.098499999999575e-002	6.909351e-001
1.100499999999574e-002	6.921557e-001
1.102499999999573e-002	6.933354e-001
1.104499999999573e-002	6.944590e-001
1.106499999999572e-002	6.955132e-001
1.108499999999571e-002	6.964867e-001
1.110499999999570e-002	6.973698e-001
1.112499999999569e-002	6.981543e-001
1.114499999999569e-002	6.988338e-001
1.116499999999568e-002	6.994027e-001
1.118499999999567e-002	6.998569e-001
1.120499999999566e-002	7.001932e-001
1.122499999999566e-002	7.004092e-001
1.124499999999565e-002	7.005036e-001
1.126499999999564e-002	7.004756e-001
1.128499999999563e-002	7.003248e-001
1.130499999999562e-002	7.000524e-001
1.132499999999562e-002	6.996600e-001
1.134499999999561e-002	6.991506e-001
1.136499999999560e-002	6.985281e-001
1.138499999999559e-002	6.977972e-001
1.140499999999559e-002	6.969640e-001
1.142499999999558e-002	6.960360e-001
1.144499999999557e-002	6.950219e-001
1.146499999999556e-002	6.939322e-001
1.148499999999555e-002	6.927793e-001
1.150499999999555e-002	6.915773e-001
1.152499999999554e-002	6.903427e-001
1.154499999999553e-002	6.890939e-001
1.156499999999552e-002	6.878514e-001
1.158499999999552e-002	6.866375e-001
1.160499999999551e-002	6.854765e-001
1.162499999999550e-002	6.843931e-001
1.164499999999549e-002	6.834127e-001
1.166499999999549e-002	6.825596e-001
1.168499999999548e-002	6.818566e-001
1.170499999999547e-002	6.813234e-001
1.172499999999546e-002	6.809755e-001
1.174499999999545e-002	6.808233e-001
1.176499999999545e-002	6.808714e-001
1.178499999999544e-002	6.811184e-001
1.180499999999543e-002	6.815568e-001
1.182499999999542e-002	6.821736e-001
1.184499999999542e-002	6.829511e-001
1.186499999999541e-002	6.838681e-001
1.188499999999540e-002	6.849008e-001
1.190499999999539e-002	6.860242e-001
1.192499999999538e-002	6.872133e-001
1.194499999999538e-002	6.884433e-001
1.196499999999537e-002	6.896911e-001
1.198499999999536e-002	6.909350e-001
1.200499999999535e-002	6.921555e-001
1.202499999999535e-002	6.933352e-001
1.204499999999534e-002	6.944588e-001
1.206499999999533e-002	6.955131e-001
1.208499999999532e-002	6.964865e-001
1.210499999999531e-002	6.973696e-001
1.212499999999531e-002	6.981542e-001
1.214499999999530e-002	6.988336e-001
1.216499999999529e-002	6.994026e-001
1.218499999999528e-002	6.998568e-001
1.220499999999528e-002	7.001930e-001
1.222499999999527e-002	7.004091e-001
1.224499999999526e-002	7.005035e-001
1.226499999999525e-002	7.004754e-001
1.228499999999524e-002	7.003247e-001
1.230499999999524e-002	7.000522e-001
1.232499999999523e-002	6.996599e-001
1.234499999999522e-002	6.991505e-001
1.236499999999521e-002	6.985279e-001
1.238499999999521e-002	6.977971e-001
1.240499999999520e-002	6.969639e-001
1.242499999999519e-002	6.960359e-001
1.244499999999518e-002	6.950217e-001
1.246499999999517e-002	6.939321e-001
1.248499999999517e-002	6.927791e-001
1.250499999999516e-002	6.915772e-001
1.252499999999515e-002	6.903425e-001
1.254499999999514e-002	6.890936e-001
1.256499999999514e-002	6.878511e-001
1.258499999999513e-002	6.866373e-001
1.260499999999512e-002	6.854763e-001
1.262499999999511e-002	6.843929e-001
1.264499999999511e-002	6.834124e-001
1.266499999999510e-002	6.825594e-001
1.268499999999509e-002	6.818564e-001
1.270499999999508e-002	6.813232e-001
1.272499999999507e-002	6.809753e-001
1.274499999999507e-002	6.808230e-001
1.276499999999506e-002	6.808712e-001
1.278499999999505e-002	6.811182e-001
1.280499999999504e-002	6.815566e-001
1.282499999999504e-002	6.821734e-001
1.284499999999503e-002	6.829509e-001
1.286499999999502e-002	6.838678e-001
1.288499999999501e-002	6.849005e-001
1.290499999999500e-002	6.860240e-001
1.292499999999500e-002	6.872131e-001
1.294499999999499e-002	6.884431e-001
1.296499999999498e-002	6.896909e-001
1.298499999999497e-002	6.909348e-001
1.300499999999497e-002	6.921554e-001
1.302499999999496e-002	6.933351e-001
1.304499999999495e-002	6.944587e-001
1.306499999999494e-002	6.955129e-001
1.308499999999493e-002	6.964864e-001
1.310499999999493e-002	6.973695e-001
1.312499999999492e-002	6.981540e-001
1.314499999999491e-002	6.988335e-001
1.316499999999490e-002	6.994025e-001
1.318499999999490e-002	6.998566e-001
1.320499999999489e-002	7.001929e-001
1.322499999999488e-002	7.004089e-001
1.324499999999487e-002	7.005033e-001
1.326499999999486e-002	7.004752e-001
1.328499999999486e-002	7.003245e-001
1.330499999999485e-002	7.000521e-001
1.332499999999484e-002	6.996597e-001
1.334499999999483e-002	6.991503e-001
1.336499999999483e-002	6.985278e-001
1.338499999999482e-002	6.977969e-001
1.340499999999481e-002	6.969637e-001
1.342499999999480e-002	6.960356e-001
1.344499999999479e-002	6.950216e-001
1.346499999999479e-002	6.939319e-001
1.348499999999478e-002	6.927789e-001
1.350499999999477e-002	6.915770e-001
1.352499999999476e-002	6.903424e-001
1.354499999999476e-002	6.890935e-001
1.356499999999475e-002	6.878510e-001
1.358499999999474e-002	6.866371e-001
1.360499999999473e-002	6.854761e-001
1.362499999999473e-002	6.843927e-001
1.364499999999472e-002	6.834122e-001
1.366499999999471e-002	6.825591e-001
1.368499999999470e-002	6.818562e-001
1.370499999999469e-002	6.813229e-001
1.372499999999469e-002	6.809750e-001
1.374499999999468e-002	6.808228e-001
1.376499999999467e-002	6.808710e-001
1.378499999999466e-002	6.811180e-001
1.380499999999466e-002	6.815563e-001
1.382499999999465e-002	6.821731e-001
1.384499999999464e-002	6.829506e-001
1.386499999999463e-002	6.838676e-001
1.388499999999462e-002	6.849003e-001
1.390499999999462e-002	6.860238e-001
1.392499999999461e-002	6.872129e-001
1.394499999999460e-002	6.884429e-001
1.396499999999459e-002	6.896907e-001
1.398499999999459e-002	6.909346e-001
1.400499999999458e-002	6.921552e-001
1.402499999999457e-002	6.933349e-001
1.404499999999456e-002	6.944585e-001
1.406499999999455e-002	6.955128e-001
1.408499999999455e-002	6.964862e-001
1.410499999999454e-002	6.973693e-001
1.412499999999453e-002	6.981539e-001
1.414499999999452e-002	6.988333e-001
1.416499999999452e-002	6.994022e-001
1.418499999999451e-002	6.998565e-001
1.420499999999450e-002	7.001927e-001
1.422499999999449e-002	7.004088e-001
1.424499999999448e-002	7.005032e-001
1.426499999999448e-002	7.004751e-001
1.428499999999447e-002	7.003244e-001
1.430499999999446e-002	7.000519e-001
1.432499999999445e-002	6.996596e-001
1.434499999999445e-002	6.991502e-001
1.436499999999444e-002	6.985276e-001
1.438499999999443e-002	6.977967e-001
1.440499999999442e-002	6.969635e-001
1.442499999999442e-002	6.960355e-001
1.444499999999441e-002	6.950214e-001
1.446499999999440e-002	6.939317e-001
1.448499999999439e-002	6.927788e-001
1.450499999999438e-002	6.915768e-001
1.452499999999438e-002	6.903422e-001
1.454499999999437e-002	6.890933e-001
1.456499999999436e-002	6.878508e-001
1.458499999999435e-002	6.866369e-001
1.460499999999435e-002	6.854758e-001
1.462499999999434e-002	6.843925e-001
1.464499999999433e-002	6.834120e-001
1.466499999999432e-002	6.825589e-001
1.468499999999431e-002	6.818559e-001
1.470499999999431e-002	6.813227e-001
1.472499999999430e-002	6.809748e-001
1.474499999999429e-002	6.808226e-001
1.476499999999428e-002	6.808707e-001
1.478499999999428e-002	6.811177e-001
1.480499999999427e-002	6.815561e-001
1.482499999999426e-002	6.821729e-001
1.484499999999425e-002	6.829504e-001
1.486499999999424e-002	6.838673e-001
1.488499999999424e-002	6.849001e-001
1.490499999999423e-002	6.860236e-001
1.492499999999422e-002	6.872126e-001
1.494499999999421e-002	6.884427e-001
1.496499999999421e-002	6.896905e-001
1.498499999999420e-002	6.909344e-001
1.500499999999419e-002	6.921549e-001
1.502499999999418e-002	6.933347e-001
1.504499999999417e-002	6.944584e-001
1.506499999999417e-002	6.955126e-001
1.508499999999416e-002	6.964861e-001
1.510499999999415e-002	6.973691e-001
1.512499999999414e-002	6.981537e-001
1.514499999999414e-002	6.988332e-001
1.516499999999413e-002	6.994021e-001
1.518499999999412e-002	6.998563e-001
1.520499999999411e-002	7.001926e-001
1.522499999999410e-002	7.004086e-001
1.524499999999410e-002	7.005030e-001
1.526499999999409e-002	7.004750e-001
1.528499999999408e-002	7.003242e-001
1.530499999999407e-002	7.000518e-001
1.532499999999407e-002	6.996594e-001
1.534499999999406e-002	6.991500e-001
1.536499999999405e-002	6.985275e-001
1.538499999999404e-002	6.977966e-001
1.540499999999404e-002	6.969634e-001
1.542499999999403e-002	6.960353e-001
1.544499999999402e-002	6.950212e-001
1.546499999999401e-002	6.939316e-001
1.548499999999400e-002	6.927786e-001
1.550499999999400e-002	6.915766e-001
1.552499999999399e-002	6.903419e-001
1.554499999999398e-002	6.890931e-001
1.556499999999397e-002	6.878505e-001
1.558499999999397e-002	6.866367e-001
1.560499999999396e-002	6.854756e-001
1.562499999999395e-002	6.843922e-001
1.564499999999394e-002	6.834117e-001
1.566499999999393e-002	6.825587e-001
1.568499999999393e-002	6.818557e-001
1.570499999999392e-002	6.813225e-001
1.572499999999391e-002	6.809745e-001
1.574499999999390e-002	6.808223e-001
1.576499999999390e-002	6.808705e-001
1.578499999999389e-002	6.811175e-001
1.580499999999388e-002	6.815559e-001
1.582499999999387e-002	6.821727e-001
1.584499999999386e-002	6.829501e-001
1.586499999999386e-002	6.838672e-001
1.588499999999385e-002	6.848999e-001
1.590499999999384e-002	6.860234e-001
1.592499999999383e-002	6.872125e-001
1.594499999999383e-002	6.884425e-001
1.596499999999382e-002	6.896903e-001
1.598499999999381e-002	6.909342e-001
1.600499999999380e-002	6.921548e-001
1.602499999999379e-002	6.933345e-001
1.604499999999379e-002	6.944582e-001
1.606499999999378e-002	6.955124e-001
1.608499999999377e-002	6.964859e-001
1.610499999999376e-002	6.973690e-001
1.612499999999376e-002	6.981536e-001
1.614499999999375e-002	6.988330e-001
1.616499999999374e-002	6.994020e-001
1.618499999999373e-002	6.998562e-001
1.620499999999372e-002	7.001924e-001
1.622499999999372e-002	7.004085e-001
1.624499999999371e-002	7.005029e-001
1.626499999999370e-002	7.004748e-001
1.628499999999369e-002	7.003241e-001
1.630499999999369e-002	7.000516e-001
1.632499999999368e-002	6.996593e-001
1.634499999999367e-002	6.991498e-001
1.636499999999366e-002	6.985273e-001
1.638499999999366e-002	6.977964e-001
1.640499999999365e-002	6.969632e-001
1.642499999999364e-002	6.960351e-001
1.644499999999363e-002	6.950210e-001
1.646499999999362e-002	6.939313e-001
1.648499999999362e-002	6.927784e-001
1.650499999999361e-002	6.915764e-001
1.652499999999360e-002	6.903418e-001
1.654499999999359e-002	6.890929e-001
1.656499999999359e-002	6.878504e-001
1.658499999999358e-002	6.866365e-001
1.660499999999357e-002	6.854754e-001
1.662499999999356e-002	6.843920e-001
1.664499999999355e-002	6.834115e-001
1.666499999999355e-002	6.825585e-001
1.668499999999354e-002	6.818554e-001
1.670499999999353e-002	6.813222e-001
1.672499999999352e-002	6.809743e-001
1.674499999999352e-002	6.808221e-001
1.676499999999351e-002	6.808702e-001
1.678499999999350e-002	6.811172e-001
1.680499999999349e-002	6.815556e-001
1.682499999999348e-002	6.821724e-001
1.684499999999348e-002	6.829500e-001
1.686499999999347e-002	6.838669e-001
1.688499999999346e-002	6.848996e-001
1.690499999999345e-002	6.860232e-001
1.692499999999345e-002	6.872123e-001
1.694499999999344e-002	6.884423e-001
1.696499999999343e-002	6.896901e-001
1.698499999999342e-002	6.909341e-001
1.700499999999341e-002	6.921546e-001
1.702499999999341e-002	6.933343e-001
1.704499999999340e-002	6.944580e-001
1.706499999999339e-002	6.955122e-001
1.708499999999338e-002	6.964858e-001
1.710499999999338e-002	6.973689e-001
1.712499999999337e-002	6.981534e-001
1.714499999999336e-002	6.988329e-001
1.716499999999335e-002	6.994019e-001
1.718499999999334e-002	6.998560e-001
1.720499999999334e-002	7.001923e-001
1.722499999999333e-002	7.004083e-001
1.724499999999332e-002	7.005028e-001
1.726499999999331e-002	7.004746e-001
1.728499999999331e-002	7.003239e-001
1.730499999999330e-002	7.000515e-001
1.732499999999329e-002	6.996591e-001
1.734499999999328e-002	6.991497e-001
1.736499999999328e-002	6.985272e-001
1.738499999999327e-002	6.977962e-001
1.740499999999326e-002	6.969631e-001
1.742499999999325e-002	6.960350e-001
1.744499999999324e-002	6.950209e-001
1.746499999999324e-002	6.939312e-001
1.748499999999323e-002	6.927782e-001
1.750499999999322e-002	6.915762e-001
1.752499999999321e-002	6.903416e-001
1.754499999999321e-002	6.890927e-001
1.756499999999320e-002	6.878501e-001
1.758499999999319e-002	6.866363e-001
1.760499999999318e-002	6.854752e-001
1.762499999999317e-002	6.843918e-001
1.764499999999317e-002	6.834113e-001
1.766499999999316e-002	6.825582e-001
1.768499999999315e-002	6.818552e-001
1.770499999999314e-002	6.813220e-001
1.772499999999314e-002	6.809741e-001
1.774499999999313e-002	6.808218e-001
1.776499999999312e-002	6.808700e-001
1.778499999999311e-002	6.811170e-001
1.780499999999310e-002	6.815554e-001
1.782499999999310e-002	6.821722e-001
1.784499999999309e-002	6.829498e-001
1.786499999999308e-002	6.838667e-001
1.788499999999307e-002	6.848994e-001
1.790499999999307e-002	6.860230e-001
1.792499999999306e-002	6.872120e-001
1.794499999999305e-002	6.884421e-001
1.796499999999304e-002	6.896899e-001
1.798499999999303e-002	6.909338e-001
1.800499999999303e-002	6.921544e-001
1.802499999999302e-002	6.933342e-001
1.804499999999301e-002	6.944578e-001
1.806499999999300e-002	6.955121e-001
1.808499999999300e-002	6.964856e-001
1.810499999999299e-002	6.973686e-001
1.812499999999298e-002	6.981533e-001
1.814499999999297e-002	6.988327e-001
1.816499999999297e-002	6.994016e-001
1.818499999999296e-002	6.998559e-001
1.820499999999295e-002	7.001922e-001
1.822499999999294e-002	7.004082e-001
1.824499999999293e-002	7.005026e-001
1.826499999999293e-002	7.004745e-001
1.828499999999292e-002	7.003238e-001
1.830499999999291e-002	7.000513e-001
1.832499999999290e-002	6.996590e-001
1.834499999999290e-002	6.991495e-001
1.836499999999289e-002	6.985270e-001
1.838499999999288e-002	6.977961e-001
1.840499999999287e-002	6.969630e-001
1.842499999999286e-002	6.960348e-001
1.844499999999286e-002	6.950207e-001
1.846499999999285e-002	6.939310e-001
1.848499999999284e-002	6.927781e-001
1.850499999999283e-002	6.915761e-001
1.852499999999283e-002	6.903414e-001
1.854499999999282e-002	6.890925e-001
1.856499999999281e-002	6.878499e-001
1.858499999999280e-002	6.866361e-001
1.860499999999279e-002	6.854750e-001
1.862499999999279e-002	6.843916e-001
1.864499999999278e-002	6.834111e-001
1.866499999999277e-002	6.825580e-001
1.868499999999276e-002	6.818550e-001
1.870499999999276e-002	6.813217e-001
1.872499999999275e-002	6.809738e-001
1.874499999999274e-002	6.808216e-001
1.876499999999273e-002	6.808698e-001
1.878499999999272e-002	6.811168e-001
1.880499999999272e-002	6.815552e-001
1.882499999999271e-002	6.821720e-001
1.884499999999270e-002	6.829495e-001
1.886499999999269e-002	6.838665e-001
1.888499999999269e-002	6.848992e-001
1.890499999999268e-002	6.860228e-001
1.892499999999267e-002	6.872119e-001
1.894499999999266e-002	6.884419e-001
1.896499999999265e-002	6.896898e-001
1.898499999999265e-002	6.909337e-001
1.900499999999264e-002	6.921542e-001
1.902499999999263e-002	6.933340e-001
1.904499999999262e-002	6.944577e-001
1.906499999999262e-002	6.955119e-001
1.908499999999261e-002	6.964854e-001
1.910499999999260e-002	6.973685e-001
1.912499999999259e-002	6.981531e-001
1.914499999999259e-002	6.988326e-001
1.916499999999258e-002	6.994015e-001
1.918499999999257e-002	6.998557e-001
1.920499999999256e-002	7.001920e-001
1.922499999999255e-002	7.004080e-001
1.924499999999255e-002	7.005024e-001
1.926499999999254e-002	7.004744e-001
1.928499999999253e-002	7.003237e-001
1.930499999999252e-002	7.000512e-001
1.932499999999252e-002	6.996588e-001
1.934499999999251e-002	6.991494e-001
1.936499999999250e-002	6.985269e-001
1.938499999999249e-002	6.977959e-001
1.940499999999248e-002	6.969627e-001
1.942499999999248e-002	6.960347e-001
1.944499999999247e-002	6.950206e-001
1.946499999999246e-002	6.939309e-001
1.948499999999245e-002	6.927779e-001
1.950499999999245e-002	6.915759e-001
1.952499999999244e-002	6.903412e-001
1.954499999999243e-002	6.890923e-001
1.956499999999242e-002	6.878498e-001
1.958499999999241e-002	6.866359e-001
1.960499999999241e-002	6.854748e-001
1.962499999999240e-002	6.843914e-001
1.964499999999239e-002	6.834109e-001
1.966499999999238e-002	6.825578e-001
1.968499999999238e-002	6.818547e-001
1.970499999999237e-002	6.813215e-001
1.972499999999236e-002	6.809736e-001
1.974499999999235e-002	6.808214e-001
1.976499999999234e-002	6.808695e-001
1.978499999999234e-002	6.811165e-001
1.980499999999233e-002	6.815550e-001
1.982499999999232e-002	6.821718e-001
1.984499999999231e-002	6.829493e-001
1.986499999999231e-002	6.838663e-001
1.988499999999230e-002	6.848990e-001
1.990499999999229e-002	6.860225e-001
1.992499999999228e-002	6.872116e-001
1.994499999999227e-002	6.884418e-001
1.996499999999227e-002	6.896895e-001
1.998499999999226e-002	6.909335e-001
1.999499999999226e-002	6.915489e-001
2.000000000000000e-002	6.918544e-001
