time	V(vout)
0.000000000000000e+000	1.260630e+000
6.428571428569929e-006	1.232533e+000
1.285714285713986e-005	1.204605e+000
1.928571428570979e-005	1.176847e+000
2.571428571427972e-005	1.149257e+000
3.214285714284965e-005	1.121836e+000
3.857142857141958e-005	1.094584e+000
4.499999999998949e-005	1.067501e+000
6.499999999998174e-005	9.859125e-001
8.499999999997399e-005	9.087900e-001
1.049999999999662e-004	8.373343e-001
1.249999999999585e-004	7.726446e-001
1.449999999999507e-004	7.157028e-001
1.649999999999430e-004	6.673622e-001
1.849999999999352e-004	6.283371e-001
2.049999999999275e-004	5.991962e-001
2.249999999999197e-004	5.803587e-001
2.449999999999120e-004	5.720991e-001
2.649999999999042e-004	5.745554e-001
2.849999999998965e-004	5.877196e-001
3.049999999998887e-004	6.114150e-001
3.249999999998809e-004	6.452927e-001
3.449999999998732e-004	6.888453e-001
3.649999999998654e-004	7.414196e-001
3.849999999998577e-004	8.022230e-001
4.049999999998499e-004	8.703321e-001
4.249999999998422e-004	9.447017e-001
4.449999999998344e-004	1.024178e+000
4.649999999998267e-004	1.107512e+000
4.849999999998189e-004	1.193383e+000
5.049999999998112e-004	1.280414e+000
5.249999999998034e-004	1.367199e+000
5.449999999997957e-004	1.452331e+000
5.649999999997879e-004	1.534425e+000
5.849999999997801e-004	1.612150e+000
6.049999999997724e-004	1.684252e+000
6.249999999997646e-004	1.749581e+000
6.449999999997569e-004	1.807109e+000
6.649999999997491e-004	1.855948e+000
6.849999999997414e-004	1.895357e+000
7.049999999997336e-004	1.924751e+000
7.249999999997259e-004	1.943700e+000
7.449999999997181e-004	1.951934e+000
7.649999999997104e-004	1.949334e+000
7.849999999997026e-004	1.935939e+000
8.049999999996949e-004	1.911939e+000
8.249999999996871e-004	1.877684e+000
8.449999999996793e-004	1.833678e+000
8.649999999996716e-004	1.780582e+000
8.849999999996638e-004	1.719209e+000
9.049999999996561e-004	1.650516e+000
9.249999999996483e-004	1.575594e+000
9.449999999996406e-004	1.495644e+000
9.649999999996328e-004	1.411962e+000
9.849999999996251e-004	1.325906e+000
1.004999999999617e-003	1.238876e+000
1.024999999999610e-003	1.152281e+000
1.044999999999602e-003	1.067514e+000
1.064999999999594e-003	9.859259e-001
1.084999999999586e-003	9.088033e-001
1.104999999999579e-003	8.373477e-001
1.124999999999571e-003	7.726579e-001
1.144999999999563e-003	7.157161e-001
1.164999999999555e-003	6.673754e-001
1.184999999999548e-003	6.283503e-001
1.204999999999540e-003	5.992094e-001
1.224999999999532e-003	5.803719e-001
1.244999999999524e-003	5.721123e-001
1.264999999999517e-003	5.745686e-001
1.284999999999509e-003	5.877328e-001
1.304999999999501e-003	6.114283e-001
1.324999999999493e-003	6.453059e-001
1.344999999999486e-003	6.888586e-001
1.364999999999478e-003	7.414328e-001
1.384999999999470e-003	8.022363e-001
1.404999999999462e-003	8.703454e-001
1.424999999999455e-003	9.447151e-001
1.444999999999447e-003	1.024191e+000
1.464999999999439e-003	1.107526e+000
1.484999999999431e-003	1.193396e+000
1.504999999999424e-003	1.280427e+000
1.524999999999416e-003	1.367213e+000
1.544999999999408e-003	1.452345e+000
1.564999999999400e-003	1.534439e+000
1.584999999999393e-003	1.612163e+000
1.604999999999385e-003	1.684265e+000
1.624999999999377e-003	1.749594e+000
1.644999999999369e-003	1.807122e+000
1.664999999999361e-003	1.855961e+000
1.684999999999354e-003	1.895370e+000
1.704999999999346e-003	1.924764e+000
1.724999999999338e-003	1.943714e+000
1.744999999999330e-003	1.951947e+000
1.764999999999323e-003	1.949347e+000
1.784999999999315e-003	1.935952e+000
1.804999999999307e-003	1.911953e+000
1.824999999999299e-003	1.877697e+000
1.844999999999292e-003	1.833691e+000
1.864999999999284e-003	1.780595e+000
1.884999999999276e-003	1.719222e+000
1.904999999999268e-003	1.650530e+000
1.924999999999261e-003	1.575607e+000
1.944999999999253e-003	1.495658e+000
1.964999999999245e-003	1.411975e+000
1.984999999999237e-003	1.325920e+000
2.004999999999230e-003	1.238889e+000
2.024999999999222e-003	1.152294e+000
2.044999999999214e-003	1.067527e+000
2.064999999999206e-003	9.859393e-001
2.084999999999199e-003	9.088166e-001
2.104999999999191e-003	8.373609e-001
2.124999999999183e-003	7.726711e-001
2.144999999999175e-003	7.157293e-001
2.164999999999168e-003	6.673886e-001
2.184999999999160e-003	6.283635e-001
2.204999999999152e-003	5.992225e-001
2.224999999999144e-003	5.803851e-001
2.244999999999137e-003	5.721255e-001
2.264999999999129e-003	5.745817e-001
2.284999999999121e-003	5.877460e-001
2.304999999999113e-003	6.114415e-001
2.324999999999106e-003	6.453192e-001
2.344999999999098e-003	6.888718e-001
2.364999999999090e-003	7.414461e-001
2.384999999999082e-003	8.022496e-001
2.404999999999075e-003	8.703588e-001
2.424999999999067e-003	9.447284e-001
2.444999999999059e-003	1.024204e+000
2.464999999999051e-003	1.107539e+000
2.484999999999044e-003	1.193410e+000
2.504999999999036e-003	1.280441e+000
2.524999999999028e-003	1.367226e+000
2.544999999999020e-003	1.452358e+000
2.564999999999013e-003	1.534452e+000
2.584999999999005e-003	1.612177e+000
2.604999999998997e-003	1.684278e+000
2.624999999998989e-003	1.749607e+000
2.644999999998982e-003	1.807136e+000
2.664999999998974e-003	1.855975e+000
2.684999999998966e-003	1.895383e+000
2.704999999998958e-003	1.924777e+000
2.724999999998951e-003	1.943727e+000
2.744999999998943e-003	1.951961e+000
2.764999999998935e-003	1.949361e+000
2.784999999998927e-003	1.935965e+000
2.804999999998920e-003	1.911966e+000
2.824999999998912e-003	1.877711e+000
2.844999999998904e-003	1.833705e+000
2.864999999998896e-003	1.780609e+000
2.884999999998889e-003	1.719236e+000
2.904999999998881e-003	1.650543e+000
2.924999999998873e-003	1.575621e+000
2.944999999998865e-003	1.495671e+000
2.964999999998857e-003	1.411988e+000
2.984999999998850e-003	1.325933e+000
3.004999999998842e-003	1.238903e+000
3.024999999998834e-003	1.152308e+000
3.044999999998826e-003	1.067541e+000
3.064999999998819e-003	9.859526e-001
3.084999999998811e-003	9.088299e-001
3.104999999998803e-003	8.373742e-001
3.124999999998795e-003	7.726843e-001
3.144999999998788e-003	7.157425e-001
3.164999999998780e-003	6.674018e-001
3.184999999998772e-003	6.283767e-001
3.204999999998764e-003	5.992357e-001
3.224999999998757e-003	5.803982e-001
3.244999999998749e-003	5.721386e-001
3.264999999998741e-003	5.745949e-001
3.284999999998733e-003	5.877592e-001
3.304999999998726e-003	6.114547e-001
3.324999999998718e-003	6.453323e-001
3.344999999998710e-003	6.888850e-001
3.364999999998702e-003	7.414593e-001
3.384999999998695e-003	8.022628e-001
3.404999999998687e-003	8.703720e-001
3.424999999998679e-003	9.447417e-001
3.444999999998671e-003	1.024218e+000
3.464999999998664e-003	1.107552e+000
3.484999999998656e-003	1.193423e+000
3.504999999998648e-003	1.280454e+000
3.524999999998640e-003	1.367240e+000
3.544999999998633e-003	1.452371e+000
3.564999999998625e-003	1.534465e+000
3.584999999998617e-003	1.612190e+000
3.604999999998609e-003	1.684292e+000
3.624999999998602e-003	1.749621e+000
3.644999999998594e-003	1.807149e+000
3.664999999998586e-003	1.855988e+000
3.684999999998578e-003	1.895397e+000
3.704999999998571e-003	1.924790e+000
3.724999999998563e-003	1.943740e+000
3.744999999998555e-003	1.951974e+000
3.764999999998547e-003	1.949374e+000
3.784999999998540e-003	1.935978e+000
3.804999999998532e-003	1.911979e+000
3.824999999998524e-003	1.877724e+000
3.844999999998516e-003	1.833718e+000
3.864999999998509e-003	1.780622e+000
3.884999999998501e-003	1.719249e+000
3.904999999998493e-003	1.650557e+000
3.924999999998485e-003	1.575634e+000
3.944999999998478e-003	1.495685e+000
3.964999999998470e-003	1.412002e+000
3.984999999998462e-003	1.325946e+000
4.004999999998454e-003	1.238916e+000
4.024999999998447e-003	1.152321e+000
4.044999999998439e-003	1.067554e+000
4.064999999998431e-003	9.859658e-001
4.084999999998423e-003	9.088432e-001
4.104999999998416e-003	8.373874e-001
4.124999999998408e-003	7.726976e-001
4.144999999998400e-003	7.157556e-001
4.164999999998392e-003	6.674149e-001
4.184999999998385e-003	6.283898e-001
4.204999999998377e-003	5.992488e-001
4.224999999998369e-003	5.804113e-001
4.244999999998361e-003	5.721517e-001
4.264999999998353e-003	5.746080e-001
4.284999999998346e-003	5.877723e-001
4.304999999998338e-003	6.114678e-001
4.324999999998330e-003	6.453455e-001
4.344999999998322e-003	6.888982e-001
4.364999999998315e-003	7.414725e-001
4.384999999998307e-003	8.022761e-001
4.404999999998299e-003	8.703853e-001
4.424999999998291e-003	9.447550e-001
4.444999999998284e-003	1.024231e+000
4.464999999998276e-003	1.107566e+000
4.484999999998268e-003	1.193437e+000
4.504999999998260e-003	1.280468e+000
4.524999999998253e-003	1.367253e+000
4.544999999998245e-003	1.452385e+000
4.564999999998237e-003	1.534479e+000
4.584999999998229e-003	1.612203e+000
4.604999999998222e-003	1.684305e+000
4.624999999998214e-003	1.749634e+000
4.644999999998206e-003	1.807162e+000
4.664999999998198e-003	1.856001e+000
4.684999999998191e-003	1.895410e+000
4.704999999998183e-003	1.924804e+000
4.724999999998175e-003	1.943753e+000
4.744999999998167e-003	1.951987e+000
4.764999999998160e-003	1.949387e+000
4.784999999998152e-003	1.935992e+000
4.804999999998144e-003	1.911992e+000
4.824999999998136e-003	1.877738e+000
4.844999999998129e-003	1.833732e+000
4.864999999998121e-003	1.780635e+000
4.884999999998113e-003	1.719262e+000
4.904999999998105e-003	1.650570e+000
4.924999999998098e-003	1.575648e+000
4.944999999998090e-003	1.495698e+000
4.964999999998082e-003	1.412015e+000
4.984999999998074e-003	1.325960e+000
5.004999999998067e-003	1.238930e+000
5.024999999998059e-003	1.152334e+000
5.044999999998051e-003	1.067567e+000
5.064999999998043e-003	9.859791e-001
5.084999999998036e-003	9.088565e-001
5.104999999998028e-003	8.374006e-001
5.124999999998020e-003	7.727107e-001
5.144999999998012e-003	7.157688e-001
5.164999999998005e-003	6.674280e-001
5.184999999997997e-003	6.284029e-001
5.204999999997989e-003	5.992619e-001
5.224999999997981e-003	5.804244e-001
5.244999999997974e-003	5.721648e-001
5.264999999997966e-003	5.746211e-001
5.284999999997958e-003	5.877854e-001
5.304999999997950e-003	6.114810e-001
5.324999999997943e-003	6.453586e-001
5.344999999997935e-003	6.889114e-001
5.364999999997927e-003	7.414857e-001
5.384999999997919e-003	8.022892e-001
5.404999999997912e-003	8.703985e-001
5.424999999997904e-003	9.447682e-001
5.444999999997896e-003	1.024244e+000
5.464999999997888e-003	1.107579e+000
5.484999999997881e-003	1.193450e+000
5.504999999997873e-003	1.280481e+000
5.524999999997865e-003	1.367266e+000
5.544999999997857e-003	1.452398e+000
5.564999999997849e-003	1.534492e+000
5.584999999997842e-003	1.612217e+000
5.604999999997834e-003	1.684319e+000
5.624999999997826e-003	1.749647e+000
5.644999999997818e-003	1.807176e+000
5.664999999997811e-003	1.856014e+000
5.684999999997803e-003	1.895423e+000
5.704999999997795e-003	1.924817e+000
5.724999999997787e-003	1.943767e+000
5.744999999997780e-003	1.952000e+000
5.764999999997772e-003	1.949401e+000
5.784999999997764e-003	1.936005e+000
5.804999999997756e-003	1.912006e+000
5.824999999997749e-003	1.877751e+000
5.844999999997741e-003	1.833745e+000
5.864999999997733e-003	1.780649e+000
5.884999999997725e-003	1.719276e+000
5.904999999997718e-003	1.650583e+000
5.924999999997710e-003	1.575661e+000
5.944999999997702e-003	1.495711e+000
5.964999999997694e-003	1.412029e+000
5.984999999997687e-003	1.325973e+000
6.004999999997679e-003	1.238943e+000
6.024999999997671e-003	1.152348e+000
6.044999999997663e-003	1.067580e+000
6.064999999997656e-003	9.859923e-001
6.084999999997648e-003	9.088696e-001
6.104999999997640e-003	8.374138e-001
6.124999999997632e-003	7.727239e-001
6.144999999997625e-003	7.157819e-001
6.164999999997617e-003	6.674411e-001
6.184999999997609e-003	6.284159e-001
6.204999999997601e-003	5.992749e-001
6.224999999997594e-003	5.804374e-001
6.244999999997586e-003	5.721779e-001
6.264999999997578e-003	5.746342e-001
6.284999999997570e-003	5.877985e-001
6.304999999997563e-003	6.114941e-001
6.324999999997555e-003	6.453717e-001
6.344999999997547e-003	6.889245e-001
6.364999999997539e-003	7.414988e-001
6.384999999997532e-003	8.023025e-001
6.404999999997524e-003	8.704117e-001
6.424999999997516e-003	9.447815e-001
6.444999999997508e-003	1.024258e+000
6.464999999997501e-003	1.107592e+000
6.484999999997493e-003	1.193463e+000
6.504999999997485e-003	1.280494e+000
6.524999999997477e-003	1.367280e+000
6.544999999997470e-003	1.452411e+000
6.564999999997462e-003	1.534505e+000
6.584999999997454e-003	1.612230e+000
6.604999999997446e-003	1.684332e+000
6.624999999997439e-003	1.749661e+000
6.644999999997431e-003	1.807189e+000
6.664999999997423e-003	1.856028e+000
6.684999999997415e-003	1.895437e+000
6.704999999997408e-003	1.924830e+000
6.724999999997400e-003	1.943780e+000
6.744999999997392e-003	1.952013e+000
6.764999999997384e-003	1.949414e+000
6.784999999997377e-003	1.936018e+000
6.804999999997369e-003	1.912019e+000
6.824999999997361e-003	1.877764e+000
6.844999999997353e-003	1.833758e+000
6.864999999997345e-003	1.780662e+000
6.884999999997338e-003	1.719289e+000
6.904999999997330e-003	1.650596e+000
6.924999999997322e-003	1.575674e+000
6.944999999997314e-003	1.495725e+000
6.964999999997307e-003	1.412042e+000
6.984999999997299e-003	1.325986e+000
7.004999999997291e-003	1.238956e+000
7.024999999997283e-003	1.152361e+000
7.044999999997276e-003	1.067594e+000
7.064999999997268e-003	9.860055e-001
7.084999999997260e-003	9.088829e-001
7.104999999997252e-003	8.374270e-001
7.124999999997245e-003	7.727370e-001
7.144999999997237e-003	7.157950e-001
7.164999999997229e-003	6.674542e-001
7.184999999997221e-003	6.284290e-001
7.204999999997214e-003	5.992880e-001
7.224999999997206e-003	5.804504e-001
7.244999999997198e-003	5.721909e-001
7.264999999997190e-003	5.746472e-001
7.284999999997183e-003	5.878116e-001
7.304999999997175e-003	6.115071e-001
7.324999999997167e-003	6.453848e-001
7.344999999997159e-003	6.889376e-001
7.364999999997152e-003	7.415119e-001
7.384999999997144e-003	8.023156e-001
7.404999999997136e-003	8.704249e-001
7.424999999997128e-003	9.447947e-001
7.444999999997121e-003	1.024271e+000
7.464999999997113e-003	1.107606e+000
7.484999999997105e-003	1.193477e+000
7.504999999997097e-003	1.280507e+000
7.524999999997090e-003	1.367293e+000
7.544999999997082e-003	1.452425e+000
7.564999999997074e-003	1.534519e+000
7.584999999997066e-003	1.612243e+000
7.604999999997059e-003	1.684345e+000
7.624999999997051e-003	1.749674e+000
7.644999999997043e-003	1.807202e+000
7.664999999997035e-003	1.856041e+000
7.684999999997028e-003	1.895450e+000
7.704999999997020e-003	1.924843e+000
7.724999999997012e-003	1.943793e+000
7.744999999997004e-003	1.952027e+000
7.764999999996997e-003	1.949427e+000
7.784999999996989e-003	1.936031e+000
7.804999999996981e-003	1.912032e+000
7.824999999996973e-003	1.877777e+000
7.844999999996966e-003	1.833771e+000
7.864999999996958e-003	1.780675e+000
7.884999999996950e-003	1.719302e+000
7.904999999996942e-003	1.650610e+000
7.924999999996935e-003	1.575687e+000
7.944999999996927e-003	1.495738e+000
7.964999999996919e-003	1.412055e+000
7.984999999996911e-003	1.325999e+000
8.004999999996904e-003	1.238969e+000
8.024999999996896e-003	1.152374e+000
8.044999999996888e-003	1.067607e+000
8.064999999996880e-003	9.860188e-001
8.084999999996873e-003	9.088960e-001
8.104999999996865e-003	8.374401e-001
8.124999999996857e-003	7.727501e-001
8.144999999996849e-003	7.158081e-001
8.164999999996842e-003	6.674672e-001
8.184999999996834e-003	6.284420e-001
8.204999999996826e-003	5.993010e-001
8.224999999996818e-003	5.804634e-001
8.244999999996810e-003	5.722039e-001
8.264999999996803e-003	5.746603e-001
8.284999999996795e-003	5.878246e-001
8.304999999996787e-003	6.115202e-001
8.324999999996779e-003	6.453979e-001
8.344999999996772e-003	6.889507e-001
8.364999999996764e-003	7.415251e-001
8.384999999996756e-003	8.023287e-001
8.404999999996748e-003	8.704380e-001
8.424999999996741e-003	9.448079e-001
8.444999999996733e-003	1.024284e+000
8.464999999996725e-003	1.107619e+000
8.484999999996717e-003	1.193490e+000
8.504999999996710e-003	1.280521e+000
8.524999999996702e-003	1.367306e+000
8.544999999996694e-003	1.452438e+000
8.564999999996686e-003	1.534532e+000
8.584999999996679e-003	1.612257e+000
8.604999999996671e-003	1.684358e+000
8.624999999996663e-003	1.749687e+000
8.644999999996655e-003	1.807215e+000
8.664999999996648e-003	1.856054e+000
8.684999999996640e-003	1.895463e+000
8.704999999996632e-003	1.924856e+000
8.724999999996624e-003	1.943806e+000
8.744999999996617e-003	1.952040e+000
8.764999999996609e-003	1.949440e+000
8.784999999996601e-003	1.936044e+000
8.804999999996593e-003	1.912045e+000
8.824999999996586e-003	1.877790e+000
8.844999999996578e-003	1.833784e+000
8.864999999996570e-003	1.780688e+000
8.884999999996562e-003	1.719315e+000
8.904999999996555e-003	1.650623e+000
8.924999999996547e-003	1.575701e+000
8.944999999996539e-003	1.495751e+000
8.964999999996531e-003	1.412068e+000
8.984999999996524e-003	1.326013e+000
9.004999999996516e-003	1.238983e+000
9.024999999996508e-003	1.152387e+000
9.044999999996500e-003	1.067620e+000
9.064999999996493e-003	9.860319e-001
9.084999999996485e-003	9.089091e-001
9.104999999996477e-003	8.374532e-001
9.124999999996469e-003	7.727632e-001
9.144999999996462e-003	7.158211e-001
9.164999999996454e-003	6.674802e-001
9.184999999996446e-003	6.284550e-001
9.204999999996438e-003	5.993140e-001
9.224999999996431e-003	5.804764e-001
9.244999999996423e-003	5.722169e-001
9.264999999996415e-003	5.746733e-001
9.284999999996407e-003	5.878376e-001
9.304999999996400e-003	6.115332e-001
9.324999999996392e-003	6.454110e-001
9.344999999996384e-003	6.889638e-001
9.364999999996376e-003	7.415382e-001
9.384999999996369e-003	8.023418e-001
9.404999999996361e-003	8.704512e-001
9.424999999996353e-003	9.448210e-001
9.444999999996345e-003	1.024297e+000
9.464999999996338e-003	1.107632e+000
9.484999999996330e-003	1.193503e+000
9.504999999996322e-003	1.280534e+000
9.524999999996314e-003	1.367319e+000
9.544999999996306e-003	1.452451e+000
9.564999999996299e-003	1.534545e+000
9.584999999996291e-003	1.612270e+000
9.604999999996283e-003	1.684372e+000
9.624999999996275e-003	1.749700e+000
9.644999999996268e-003	1.807229e+000
9.664999999996260e-003	1.856067e+000
9.684999999996252e-003	1.895476e+000
9.704999999996244e-003	1.924870e+000
9.724999999996237e-003	1.943819e+000
9.744999999996229e-003	1.952053e+000
9.764999999996221e-003	1.949453e+000
9.784999999996213e-003	1.936058e+000
9.804999999996206e-003	1.912058e+000
9.824999999996198e-003	1.877803e+000
9.844999999996190e-003	1.833798e+000
9.864999999996182e-003	1.780702e+000
9.884999999996175e-003	1.719329e+000
9.904999999996167e-003	1.650636e+000
9.924999999996159e-003	1.575714e+000
9.944999999996151e-003	1.495764e+000
9.964999999996144e-003	1.412082e+000
9.984999999996136e-003	1.326026e+000
1.000499999999613e-002	1.238996e+000
1.002499999999612e-002	1.152401e+000
1.004499999999611e-002	1.067633e+000
1.006499999999611e-002	9.860451e-001
1.008499999999610e-002	9.089222e-001
1.010499999999609e-002	8.374663e-001
1.012499999999608e-002	7.727762e-001
1.014499999999607e-002	7.158341e-001
1.016499999999607e-002	6.674932e-001
1.018499999999606e-002	6.284680e-001
1.020499999999605e-002	5.993270e-001
1.022499999999604e-002	5.804894e-001
1.024499999999604e-002	5.722299e-001
1.026499999999603e-002	5.746862e-001
1.028499999999602e-002	5.878506e-001
1.030499999999601e-002	6.115462e-001
1.032499999999600e-002	6.454240e-001
1.034499999999600e-002	6.889768e-001
1.036499999999599e-002	7.415512e-001
1.038499999999598e-002	8.023549e-001
1.040499999999597e-002	8.704643e-001
1.042499999999597e-002	9.448341e-001
1.044499999999596e-002	1.024310e+000
1.046499999999595e-002	1.107645e+000
1.048499999999594e-002	1.193516e+000
1.050499999999593e-002	1.280547e+000
1.052499999999593e-002	1.367333e+000
1.054499999999592e-002	1.452464e+000
1.056499999999591e-002	1.534559e+000
1.058499999999590e-002	1.612283e+000
1.060499999999590e-002	1.684385e+000
1.062499999999589e-002	1.749714e+000
1.064499999999588e-002	1.807242e+000
1.066499999999587e-002	1.856080e+000
1.068499999999586e-002	1.895489e+000
1.070499999999586e-002	1.924883e+000
1.072499999999585e-002	1.943832e+000
1.074499999999584e-002	1.952066e+000
1.076499999999583e-002	1.949466e+000
1.078499999999583e-002	1.936071e+000
1.080499999999582e-002	1.912071e+000
1.082499999999581e-002	1.877817e+000
1.084499999999580e-002	1.833811e+000
1.086499999999580e-002	1.780715e+000
1.088499999999579e-002	1.719342e+000
1.090499999999578e-002	1.650649e+000
1.092499999999577e-002	1.575727e+000
1.094499999999576e-002	1.495778e+000
1.096499999999576e-002	1.412095e+000
1.098499999999575e-002	1.326039e+000
1.100499999999574e-002	1.239009e+000
1.102499999999573e-002	1.152414e+000
1.104499999999573e-002	1.067647e+000
1.106499999999572e-002	9.860582e-001
1.108499999999571e-002	9.089353e-001
1.110499999999570e-002	8.374794e-001
1.112499999999569e-002	7.727892e-001
1.114499999999569e-002	7.158471e-001
1.116499999999568e-002	6.675062e-001
1.118499999999567e-002	6.284810e-001
1.120499999999566e-002	5.993399e-001
1.122499999999566e-002	5.805023e-001
1.124499999999565e-002	5.722428e-001
1.126499999999564e-002	5.746992e-001
1.128499999999563e-002	5.878636e-001
1.130499999999562e-002	6.115592e-001
1.132499999999562e-002	6.454369e-001
1.134499999999561e-002	6.889898e-001
1.136499999999560e-002	7.415642e-001
1.138499999999559e-002	8.023679e-001
1.140499999999559e-002	8.704773e-001
1.142499999999558e-002	9.448472e-001
1.144499999999557e-002	1.024323e+000
1.146499999999556e-002	1.107658e+000
1.148499999999555e-002	1.193529e+000
1.150499999999555e-002	1.280560e+000
1.152499999999554e-002	1.367346e+000
1.154499999999553e-002	1.452478e+000
1.156499999999552e-002	1.534572e+000
1.158499999999552e-002	1.612296e+000
1.160499999999551e-002	1.684398e+000
1.162499999999550e-002	1.749727e+000
1.164499999999549e-002	1.807255e+000
1.166499999999549e-002	1.856093e+000
1.168499999999548e-002	1.895502e+000
1.170499999999547e-002	1.924896e+000
1.172499999999546e-002	1.943846e+000
1.174499999999545e-002	1.952079e+000
1.176499999999545e-002	1.949479e+000
1.178499999999544e-002	1.936084e+000
1.180499999999543e-002	1.912084e+000
1.182499999999542e-002	1.877830e+000
1.184499999999542e-002	1.833824e+000
1.186499999999541e-002	1.780728e+000
1.188499999999540e-002	1.719355e+000
1.190499999999539e-002	1.650663e+000
1.192499999999538e-002	1.575740e+000
1.194499999999538e-002	1.495791e+000
1.196499999999537e-002	1.412108e+000
1.198499999999536e-002	1.326052e+000
1.200499999999535e-002	1.239022e+000
1.202499999999535e-002	1.152427e+000
1.204499999999534e-002	1.067660e+000
1.206499999999533e-002	9.860712e-001
1.208499999999532e-002	9.089484e-001
1.210499999999531e-002	8.374923e-001
1.212499999999531e-002	7.728022e-001
1.214499999999530e-002	7.158601e-001
1.216499999999529e-002	6.675192e-001
1.218499999999528e-002	6.284939e-001
1.220499999999528e-002	5.993528e-001
1.222499999999527e-002	5.805153e-001
1.224499999999526e-002	5.722557e-001
1.226499999999525e-002	5.747121e-001
1.228499999999524e-002	5.878766e-001
1.230499999999524e-002	6.115721e-001
1.232499999999523e-002	6.454499e-001
1.234499999999522e-002	6.890028e-001
1.236499999999521e-002	7.415773e-001
1.238499999999521e-002	8.023810e-001
1.240499999999520e-002	8.704904e-001
1.242499999999519e-002	9.448603e-001
1.244499999999518e-002	1.024337e+000
1.246499999999517e-002	1.107671e+000
1.248499999999517e-002	1.193542e+000
1.250499999999516e-002	1.280573e+000
1.252499999999515e-002	1.367359e+000
1.254499999999514e-002	1.452491e+000
1.256499999999514e-002	1.534585e+000
1.258499999999513e-002	1.612309e+000
1.260499999999512e-002	1.684411e+000
1.262499999999511e-002	1.749740e+000
1.264499999999511e-002	1.807268e+000
1.266499999999510e-002	1.856107e+000
1.268499999999509e-002	1.895515e+000
1.270499999999508e-002	1.924909e+000
1.272499999999507e-002	1.943858e+000
1.274499999999507e-002	1.952092e+000
1.276499999999506e-002	1.949492e+000
1.278499999999505e-002	1.936097e+000
1.280499999999504e-002	1.912098e+000
1.282499999999504e-002	1.877843e+000
1.284499999999503e-002	1.833837e+000
1.286499999999502e-002	1.780741e+000
1.288499999999501e-002	1.719368e+000
1.290499999999500e-002	1.650676e+000
1.292499999999500e-002	1.575753e+000
1.294499999999499e-002	1.495804e+000
1.296499999999498e-002	1.412121e+000
1.298499999999497e-002	1.326066e+000
1.300499999999497e-002	1.239035e+000
1.302499999999496e-002	1.152440e+000
1.304499999999495e-002	1.067673e+000
1.306499999999494e-002	9.860843e-001
1.308499999999493e-002	9.089614e-001
1.310499999999493e-002	8.375054e-001
1.312499999999492e-002	7.728152e-001
1.314499999999491e-002	7.158731e-001
1.316499999999490e-002	6.675321e-001
1.318499999999490e-002	6.285068e-001
1.320499999999489e-002	5.993657e-001
1.322499999999488e-002	5.805281e-001
1.324499999999487e-002	5.722686e-001
1.326499999999486e-002	5.747250e-001
1.328499999999486e-002	5.878894e-001
1.330499999999485e-002	6.115850e-001
1.332499999999484e-002	6.454629e-001
1.334499999999483e-002	6.890157e-001
1.336499999999483e-002	7.415903e-001
1.338499999999482e-002	8.023940e-001
1.340499999999481e-002	8.705034e-001
1.342499999999480e-002	9.448734e-001
1.344499999999479e-002	1.024350e+000
1.346499999999479e-002	1.107685e+000
1.348499999999478e-002	1.193556e+000
1.350499999999477e-002	1.280587e+000
1.352499999999476e-002	1.367372e+000
1.354499999999476e-002	1.452504e+000
1.356499999999475e-002	1.534598e+000
1.358499999999474e-002	1.612322e+000
1.360499999999473e-002	1.684424e+000
1.362499999999473e-002	1.749753e+000
1.364499999999472e-002	1.807281e+000
1.366499999999471e-002	1.856120e+000
1.368499999999470e-002	1.895528e+000
1.370499999999469e-002	1.924922e+000
1.372499999999469e-002	1.943871e+000
1.374499999999468e-002	1.952105e+000
1.376499999999467e-002	1.949505e+000
1.378499999999466e-002	1.936110e+000
1.380499999999466e-002	1.912111e+000
1.382499999999465e-002	1.877856e+000
1.384499999999464e-002	1.833850e+000
1.386499999999463e-002	1.780754e+000
1.388499999999462e-002	1.719381e+000
1.390499999999462e-002	1.650689e+000
1.392499999999461e-002	1.575767e+000
1.394499999999460e-002	1.495817e+000
1.396499999999459e-002	1.412134e+000
1.398499999999459e-002	1.326079e+000
1.400499999999458e-002	1.239048e+000
1.402499999999457e-002	1.152453e+000
1.404499999999456e-002	1.067686e+000
1.406499999999455e-002	9.860973e-001
1.408499999999455e-002	9.089744e-001
1.410499999999454e-002	8.375183e-001
1.412499999999453e-002	7.728282e-001
1.414499999999452e-002	7.158860e-001
1.416499999999452e-002	6.675450e-001
1.418499999999451e-002	6.285197e-001
1.420499999999450e-002	5.993786e-001
1.422499999999449e-002	5.805410e-001
1.424499999999448e-002	5.722815e-001
1.426499999999448e-002	5.747379e-001
1.428499999999447e-002	5.879023e-001
1.430499999999446e-002	6.115980e-001
1.432499999999445e-002	6.454758e-001
1.434499999999445e-002	6.890287e-001
1.436499999999444e-002	7.416031e-001
1.438499999999443e-002	8.024070e-001
1.440499999999442e-002	8.705164e-001
1.442499999999442e-002	9.448864e-001
1.444499999999441e-002	1.024363e+000
1.446499999999440e-002	1.107698e+000
1.448499999999439e-002	1.193569e+000
1.450499999999438e-002	1.280600e+000
1.452499999999438e-002	1.367385e+000
1.454499999999437e-002	1.452517e+000
1.456499999999436e-002	1.534611e+000
1.458499999999435e-002	1.612336e+000
1.460499999999435e-002	1.684437e+000
1.462499999999434e-002	1.749766e+000
1.464499999999433e-002	1.807294e+000
1.466499999999432e-002	1.856133e+000
1.468499999999431e-002	1.895541e+000
1.470499999999431e-002	1.924935e+000
1.472499999999430e-002	1.943884e+000
1.474499999999429e-002	1.952118e+000
1.476499999999428e-002	1.949518e+000
1.478499999999428e-002	1.936123e+000
1.480499999999427e-002	1.912124e+000
1.482499999999426e-002	1.877869e+000
1.484499999999425e-002	1.833863e+000
1.486499999999424e-002	1.780767e+000
1.488499999999424e-002	1.719394e+000
1.490499999999423e-002	1.650702e+000
1.492499999999422e-002	1.575780e+000
1.494499999999421e-002	1.495830e+000
1.496499999999421e-002	1.412148e+000
1.498499999999420e-002	1.326092e+000
1.500499999999419e-002	1.239061e+000
1.502499999999418e-002	1.152466e+000
1.504499999999417e-002	1.067699e+000
1.506499999999417e-002	9.861103e-001
1.508499999999416e-002	9.089874e-001
1.510499999999415e-002	8.375313e-001
1.512499999999414e-002	7.728411e-001
1.514499999999414e-002	7.158989e-001
1.516499999999413e-002	6.675578e-001
1.518499999999412e-002	6.285325e-001
1.520499999999411e-002	5.993913e-001
1.522499999999410e-002	5.805538e-001
1.524499999999410e-002	5.722943e-001
1.526499999999409e-002	5.747507e-001
1.528499999999408e-002	5.879152e-001
1.530499999999407e-002	6.116108e-001
1.532499999999407e-002	6.454887e-001
1.534499999999406e-002	6.890416e-001
1.536499999999405e-002	7.416161e-001
1.538499999999404e-002	8.024199e-001
1.540499999999404e-002	8.705294e-001
1.542499999999403e-002	9.448994e-001
1.544499999999402e-002	1.024376e+000
1.546499999999401e-002	1.107711e+000
1.548499999999400e-002	1.193582e+000
1.550499999999400e-002	1.280613e+000
1.552499999999399e-002	1.367398e+000
1.554499999999398e-002	1.452530e+000
1.556499999999397e-002	1.534624e+000
1.558499999999397e-002	1.612349e+000
1.560499999999396e-002	1.684450e+000
1.562499999999395e-002	1.749779e+000
1.564499999999394e-002	1.807307e+000
1.566499999999393e-002	1.856146e+000
1.568499999999393e-002	1.895554e+000
1.570499999999392e-002	1.924948e+000
1.572499999999391e-002	1.943897e+000
1.574499999999390e-002	1.952131e+000
1.576499999999390e-002	1.949531e+000
1.578499999999389e-002	1.936136e+000
1.580499999999388e-002	1.912137e+000
1.582499999999387e-002	1.877882e+000
1.584499999999386e-002	1.833876e+000
1.586499999999386e-002	1.780780e+000
1.588499999999385e-002	1.719407e+000
1.590499999999384e-002	1.650715e+000
1.592499999999383e-002	1.575793e+000
1.594499999999383e-002	1.495843e+000
1.596499999999382e-002	1.412161e+000
1.598499999999381e-002	1.326105e+000
1.600499999999380e-002	1.239075e+000
1.602499999999379e-002	1.152479e+000
1.604499999999379e-002	1.067712e+000
1.606499999999378e-002	9.861233e-001
1.608499999999377e-002	9.090004e-001
1.610499999999376e-002	8.375443e-001
1.612499999999376e-002	7.728540e-001
1.614499999999375e-002	7.159117e-001
1.616499999999374e-002	6.675707e-001
1.618499999999373e-002	6.285453e-001
1.620499999999372e-002	5.994042e-001
1.622499999999372e-002	5.805666e-001
1.624499999999371e-002	5.723071e-001
1.626499999999370e-002	5.747635e-001
1.628499999999369e-002	5.879281e-001
1.630499999999369e-002	6.116236e-001
1.632499999999368e-002	6.455016e-001
1.634499999999367e-002	6.890545e-001
1.636499999999366e-002	7.416290e-001
1.638499999999366e-002	8.024328e-001
1.640499999999365e-002	8.705423e-001
1.642499999999364e-002	9.449124e-001
1.644499999999363e-002	1.024389e+000
1.646499999999362e-002	1.107724e+000
1.648499999999362e-002	1.193595e+000
1.650499999999361e-002	1.280626e+000
1.652499999999360e-002	1.367411e+000
1.654499999999359e-002	1.452543e+000
1.656499999999359e-002	1.534637e+000
1.658499999999358e-002	1.612362e+000
1.660499999999357e-002	1.684464e+000
1.662499999999356e-002	1.749792e+000
1.664499999999355e-002	1.807320e+000
1.666499999999355e-002	1.856158e+000
1.668499999999354e-002	1.895567e+000
1.670499999999353e-002	1.924961e+000
1.672499999999352e-002	1.943910e+000
1.674499999999352e-002	1.952144e+000
1.676499999999351e-002	1.949544e+000
1.678499999999350e-002	1.936149e+000
1.680499999999349e-002	1.912150e+000
1.682499999999348e-002	1.877895e+000
1.684499999999348e-002	1.833889e+000
1.686499999999347e-002	1.780793e+000
1.688499999999346e-002	1.719420e+000
1.690499999999345e-002	1.650728e+000
1.692499999999345e-002	1.575806e+000
1.694499999999344e-002	1.495856e+000
1.696499999999343e-002	1.412174e+000
1.698499999999342e-002	1.326118e+000
1.700499999999341e-002	1.239088e+000
1.702499999999341e-002	1.152492e+000
1.704499999999340e-002	1.067725e+000
1.706499999999339e-002	9.861363e-001
1.708499999999338e-002	9.090133e-001
1.710499999999338e-002	8.375571e-001
1.712499999999337e-002	7.728668e-001
1.714499999999336e-002	7.159246e-001
1.716499999999335e-002	6.675835e-001
1.718499999999334e-002	6.285582e-001
1.720499999999334e-002	5.994170e-001
1.722499999999333e-002	5.805794e-001
1.724499999999332e-002	5.723199e-001
1.726499999999331e-002	5.747764e-001
1.728499999999331e-002	5.879408e-001
1.730499999999330e-002	6.116365e-001
1.732499999999329e-002	6.455144e-001
1.734499999999328e-002	6.890673e-001
1.736499999999328e-002	7.416419e-001
1.738499999999327e-002	8.024458e-001
1.740499999999326e-002	8.705553e-001
1.742499999999325e-002	9.449253e-001
1.744499999999324e-002	1.024402e+000
1.746499999999324e-002	1.107737e+000
1.748499999999323e-002	1.193608e+000
1.750499999999322e-002	1.280639e+000
1.752499999999321e-002	1.367424e+000
1.754499999999321e-002	1.452556e+000
1.756499999999320e-002	1.534650e+000
1.758499999999319e-002	1.612375e+000
1.760499999999318e-002	1.684476e+000
1.762499999999317e-002	1.749805e+000
1.764499999999317e-002	1.807333e+000
1.766499999999316e-002	1.856171e+000
1.768499999999315e-002	1.895580e+000
1.770499999999314e-002	1.924974e+000
1.772499999999314e-002	1.943923e+000
1.774499999999313e-002	1.952157e+000
1.776499999999312e-002	1.949557e+000
1.778499999999311e-002	1.936162e+000
1.780499999999310e-002	1.912162e+000
1.782499999999310e-002	1.877908e+000
1.784499999999309e-002	1.833902e+000
1.786499999999308e-002	1.780806e+000
1.788499999999307e-002	1.719433e+000
1.790499999999307e-002	1.650741e+000
1.792499999999306e-002	1.575819e+000
1.794499999999305e-002	1.495869e+000
1.796499999999304e-002	1.412187e+000
1.798499999999303e-002	1.326131e+000
1.800499999999303e-002	1.239101e+000
1.802499999999302e-002	1.152505e+000
1.804499999999301e-002	1.067738e+000
1.806499999999300e-002	9.861493e-001
1.808499999999300e-002	9.090262e-001
1.810499999999299e-002	8.375700e-001
1.812499999999298e-002	7.728797e-001
1.814499999999297e-002	7.159374e-001
1.816499999999297e-002	6.675963e-001
1.818499999999296e-002	6.285709e-001
1.820499999999295e-002	5.994297e-001
1.822499999999294e-002	5.805922e-001
1.824499999999293e-002	5.723326e-001
1.826499999999293e-002	5.747891e-001
1.828499999999292e-002	5.879536e-001
1.830499999999291e-002	6.116493e-001
1.832499999999290e-002	6.455272e-001
1.834499999999290e-002	6.890802e-001
1.836499999999289e-002	7.416548e-001
1.838499999999288e-002	8.024586e-001
1.840499999999287e-002	8.705682e-001
1.842499999999286e-002	9.449382e-001
1.844499999999286e-002	1.024415e+000
1.846499999999285e-002	1.107750e+000
1.848499999999284e-002	1.193621e+000
1.850499999999283e-002	1.280652e+000
1.852499999999283e-002	1.367437e+000
1.854499999999282e-002	1.452569e+000
1.856499999999281e-002	1.534663e+000
1.858499999999280e-002	1.612388e+000
1.860499999999279e-002	1.684489e+000
1.862499999999279e-002	1.749818e+000
1.864499999999278e-002	1.807346e+000
1.866499999999277e-002	1.856184e+000
1.868499999999276e-002	1.895593e+000
1.870499999999276e-002	1.924986e+000
1.872499999999275e-002	1.943936e+000
1.874499999999274e-002	1.952170e+000
1.876499999999273e-002	1.949570e+000
1.878499999999272e-002	1.936174e+000
1.880499999999272e-002	1.912175e+000
1.882499999999271e-002	1.877921e+000
1.884499999999270e-002	1.833915e+000
1.886499999999269e-002	1.780819e+000
1.888499999999269e-002	1.719446e+000
1.890499999999268e-002	1.650754e+000
1.892499999999267e-002	1.575832e+000
1.894499999999266e-002	1.495882e+000
1.896499999999265e-002	1.412200e+000
1.898499999999265e-002	1.326144e+000
1.900499999999264e-002	1.239114e+000
1.902499999999263e-002	1.152518e+000
1.904499999999262e-002	1.067751e+000
1.906499999999262e-002	9.861621e-001
1.908499999999261e-002	9.090390e-001
1.910499999999260e-002	8.375829e-001
1.912499999999259e-002	7.728926e-001
1.914499999999259e-002	7.159503e-001
1.916499999999258e-002	6.676091e-001
1.918499999999257e-002	6.285837e-001
1.920499999999256e-002	5.994425e-001
1.922499999999255e-002	5.806049e-001
1.924499999999255e-002	5.723454e-001
1.926499999999254e-002	5.748019e-001
1.928499999999253e-002	5.879664e-001
1.930499999999252e-002	6.116621e-001
1.932499999999252e-002	6.455400e-001
1.934499999999251e-002	6.890929e-001
1.936499999999250e-002	7.416676e-001
1.938499999999249e-002	8.024715e-001
1.940499999999248e-002	8.705810e-001
1.942499999999248e-002	9.449512e-001
1.944499999999247e-002	1.024428e+000
1.946499999999246e-002	1.107763e+000
1.948499999999245e-002	1.193634e+000
1.950499999999245e-002	1.280665e+000
1.952499999999244e-002	1.367450e+000
1.954499999999243e-002	1.452582e+000
1.956499999999242e-002	1.534676e+000
1.958499999999241e-002	1.612401e+000
1.960499999999241e-002	1.684502e+000
1.962499999999240e-002	1.749831e+000
1.964499999999239e-002	1.807359e+000
1.966499999999238e-002	1.856197e+000
1.968499999999238e-002	1.895606e+000
1.970499999999237e-002	1.924999e+000
1.972499999999236e-002	1.943949e+000
1.974499999999235e-002	1.952182e+000
1.976499999999234e-002	1.949583e+000
1.978499999999234e-002	1.936187e+000
1.980499999999233e-002	1.912188e+000
1.982499999999232e-002	1.877934e+000
1.984499999999231e-002	1.833928e+000
1.986499999999231e-002	1.780832e+000
1.988499999999230e-002	1.719459e+000
1.990499999999229e-002	1.650767e+000
1.992499999999228e-002	1.575845e+000
1.994499999999227e-002	1.495895e+000
1.996499999999227e-002	1.412213e+000
1.998499999999226e-002	1.326157e+000
1.999499999999226e-002	1.282681e+000
2.000000000000000e-002	1.260895e+000
