time	V(vout)
0.000000000000000e+000	1.258353e+000
1.214285714285343e-005	1.253887e+000
2.428571428570686e-005	1.249509e+000
3.642857142856029e-005	1.245219e+000
4.857142857141372e-005	1.241016e+000
6.071428571426716e-005	1.236901e+000
7.285714285712058e-005	1.232873e+000
8.499999999997399e-005	1.228933e+000
1.149999999999624e-004	1.220129e+000
1.349999999999546e-004	1.214993e+000
1.549999999999469e-004	1.210540e+000
1.749999999999391e-004	1.206840e+000
1.949999999999313e-004	1.203950e+000
2.149999999999236e-004	1.201917e+000
2.349999999999158e-004	1.200772e+000
2.549999999999081e-004	1.200534e+000
2.749999999999003e-004	1.201205e+000
2.949999999998926e-004	1.202776e+000
3.149999999998848e-004	1.205223e+000
3.349999999998771e-004	1.208505e+000
3.549999999998693e-004	1.212572e+000
3.749999999998616e-004	1.217360e+000
4.049999999998499e-004	1.225726e+000
4.349999999998383e-004	1.235246e+000
4.649999999998267e-004	1.245582e+000
4.764285714283937e-004	1.249712e+000
4.878571428569607e-004	1.253834e+000
4.992857142855277e-004	1.257947e+000
5.107142857140946e-004	1.262051e+000
5.221428571426617e-004	1.266146e+000
5.335714285712287e-004	1.270233e+000
5.449999999997957e-004	1.274311e+000
5.749999999997840e-004	1.284432e+000
6.049999999997724e-004	1.293627e+000
6.349999999997608e-004	1.301569e+000
6.549999999997530e-004	1.306028e+000
6.749999999997453e-004	1.309733e+000
6.949999999997375e-004	1.312626e+000
7.149999999997297e-004	1.314662e+000
7.349999999997220e-004	1.315808e+000
7.549999999997142e-004	1.316046e+000
7.749999999997065e-004	1.315373e+000
7.949999999996987e-004	1.313800e+000
8.149999999996910e-004	1.311350e+000
8.349999999996832e-004	1.308063e+000
8.549999999996755e-004	1.303990e+000
8.749999999996677e-004	1.299197e+000
9.049999999996561e-004	1.290823e+000
9.349999999996445e-004	1.281297e+000
9.649999999996328e-004	1.270957e+000
9.764285714281998e-004	1.266826e+000
9.878571428567668e-004	1.262704e+000
9.992857142853339e-004	1.258591e+000
1.010714285713901e-003	1.254487e+000
1.022142857142468e-003	1.250392e+000
1.033571428571035e-003	1.246307e+000
1.044999999999602e-003	1.242230e+000
1.074999999999590e-003	1.232115e+000
1.104999999999579e-003	1.222928e+000
1.134999999999567e-003	1.214993e+000
1.154999999999559e-003	1.210540e+000
1.174999999999551e-003	1.206840e+000
1.194999999999544e-003	1.203950e+000
1.214999999999536e-003	1.201917e+000
1.234999999999528e-003	1.200772e+000
1.254999999999520e-003	1.200534e+000
1.274999999999513e-003	1.201205e+000
1.294999999999505e-003	1.202777e+000
1.314999999999497e-003	1.205223e+000
1.334999999999489e-003	1.208505e+000
1.354999999999482e-003	1.212573e+000
1.374999999999474e-003	1.217360e+000
1.404999999999462e-003	1.225726e+000
1.434999999999451e-003	1.235246e+000
1.464999999999439e-003	1.245582e+000
1.476428571428006e-003	1.249713e+000
1.487857142856573e-003	1.253834e+000
1.499285714285140e-003	1.257947e+000
1.510714285713707e-003	1.262051e+000
1.522142857142274e-003	1.266146e+000
1.533571428570841e-003	1.270233e+000
1.544999999999408e-003	1.274311e+000
1.574999999999396e-003	1.284432e+000
1.604999999999385e-003	1.293627e+000
1.634999999999373e-003	1.301569e+000
1.654999999999365e-003	1.306028e+000
1.674999999999358e-003	1.309733e+000
1.694999999999350e-003	1.312626e+000
1.714999999999342e-003	1.314662e+000
1.734999999999334e-003	1.315808e+000
1.754999999999327e-003	1.316046e+000
1.774999999999319e-003	1.315373e+000
1.794999999999311e-003	1.313800e+000
1.814999999999303e-003	1.311350e+000
1.834999999999296e-003	1.308063e+000
1.854999999999288e-003	1.303990e+000
1.874999999999280e-003	1.299197e+000
1.904999999999268e-003	1.290823e+000
1.934999999999257e-003	1.281297e+000
1.964999999999245e-003	1.270957e+000
1.976428571427812e-003	1.266826e+000
1.987857142856379e-003	1.262704e+000
1.999285714284946e-003	1.258591e+000
2.010714285713513e-003	1.254487e+000
2.022142857142080e-003	1.250392e+000
2.033571428570647e-003	1.246307e+000
2.044999999999214e-003	1.242230e+000
2.074999999999203e-003	1.232115e+000
2.104999999999191e-003	1.222928e+000
2.134999999999179e-003	1.214993e+000
2.154999999999172e-003	1.210540e+000
2.174999999999164e-003	1.206840e+000
2.194999999999156e-003	1.203950e+000
2.214999999999148e-003	1.201917e+000
2.234999999999141e-003	1.200772e+000
2.254999999999133e-003	1.200534e+000
2.274999999999125e-003	1.201205e+000
2.294999999999117e-003	1.202777e+000
2.314999999999109e-003	1.205223e+000
2.334999999999102e-003	1.208505e+000
2.354999999999094e-003	1.212573e+000
2.374999999999086e-003	1.217361e+000
2.404999999999075e-003	1.225726e+000
2.434999999999063e-003	1.235246e+000
2.464999999999051e-003	1.245582e+000
2.476428571427619e-003	1.249713e+000
2.487857142856185e-003	1.253834e+000
2.499285714284752e-003	1.257947e+000
2.510714285713319e-003	1.262051e+000
2.522142857141886e-003	1.266146e+000
2.533571428570454e-003	1.270233e+000
2.544999999999020e-003	1.274311e+000
2.574999999999009e-003	1.284432e+000
2.604999999998997e-003	1.293627e+000
2.634999999998985e-003	1.301570e+000
2.654999999998978e-003	1.306028e+000
2.674999999998970e-003	1.309733e+000
2.694999999998962e-003	1.312626e+000
2.714999999998954e-003	1.314662e+000
2.734999999998947e-003	1.315808e+000
2.754999999998939e-003	1.316046e+000
2.774999999998931e-003	1.315373e+000
2.794999999998923e-003	1.313800e+000
2.814999999998916e-003	1.311350e+000
2.834999999998908e-003	1.308063e+000
2.854999999998900e-003	1.303990e+000
2.874999999998892e-003	1.299197e+000
2.904999999998881e-003	1.290824e+000
2.934999999998869e-003	1.281298e+000
2.964999999998857e-003	1.270957e+000
2.976428571427425e-003	1.266826e+000
2.987857142855991e-003	1.262704e+000
2.999285714284559e-003	1.258591e+000
3.010714285713125e-003	1.254487e+000
3.022142857141693e-003	1.250392e+000
3.033571428570260e-003	1.246307e+000
3.044999999998826e-003	1.242230e+000
3.074999999998815e-003	1.232116e+000
3.104999999998803e-003	1.222928e+000
3.134999999998792e-003	1.214993e+000
3.154999999998784e-003	1.210540e+000
3.174999999998776e-003	1.206840e+000
3.194999999998768e-003	1.203950e+000
3.214999999998761e-003	1.201917e+000
3.234999999998753e-003	1.200772e+000
3.254999999998745e-003	1.200534e+000
3.274999999998737e-003	1.201205e+000
3.294999999998730e-003	1.202777e+000
3.314999999998722e-003	1.205223e+000
3.334999999998714e-003	1.208505e+000
3.354999999998706e-003	1.212573e+000
3.374999999998699e-003	1.217361e+000
3.404999999998687e-003	1.225726e+000
3.434999999998675e-003	1.235246e+000
3.464999999998664e-003	1.245583e+000
3.476428571427231e-003	1.249713e+000
3.487857142855798e-003	1.253834e+000
3.499285714284365e-003	1.257947e+000
3.510714285712932e-003	1.262051e+000
3.522142857141499e-003	1.266147e+000
3.533571428570066e-003	1.270233e+000
3.544999999998633e-003	1.274311e+000
3.574999999998621e-003	1.284432e+000
3.604999999998609e-003	1.293627e+000
3.634999999998598e-003	1.301570e+000
3.654999999998590e-003	1.306028e+000
3.674999999998582e-003	1.309733e+000
3.694999999998574e-003	1.312626e+000
3.714999999998567e-003	1.314662e+000
3.734999999998559e-003	1.315808e+000
3.754999999998551e-003	1.316046e+000
3.774999999998543e-003	1.315374e+000
3.794999999998536e-003	1.313800e+000
3.814999999998528e-003	1.311350e+000
3.834999999998520e-003	1.308063e+000
3.854999999998512e-003	1.303991e+000
3.874999999998505e-003	1.299197e+000
3.904999999998493e-003	1.290824e+000
3.934999999998481e-003	1.281298e+000
3.964999999998470e-003	1.270957e+000
3.976428571427037e-003	1.266826e+000
3.987857142855604e-003	1.262704e+000
3.999285714284171e-003	1.258591e+000
4.010714285712738e-003	1.254487e+000
4.022142857141304e-003	1.250393e+000
4.033571428569872e-003	1.246307e+000
4.044999999998439e-003	1.242230e+000
4.074999999998427e-003	1.232116e+000
4.104999999998416e-003	1.222928e+000
4.134999999998404e-003	1.214993e+000
4.154999999998396e-003	1.210540e+000
4.174999999998388e-003	1.206840e+000
4.194999999998381e-003	1.203950e+000
4.214999999998373e-003	1.201917e+000
4.234999999998365e-003	1.200772e+000
4.254999999998357e-003	1.200534e+000
4.274999999998350e-003	1.201205e+000
4.294999999998342e-003	1.202777e+000
4.314999999998334e-003	1.205223e+000
4.334999999998326e-003	1.208505e+000
4.354999999998319e-003	1.212573e+000
4.374999999998311e-003	1.217361e+000
4.404999999998299e-003	1.225726e+000
4.434999999998288e-003	1.235246e+000
4.464999999998276e-003	1.245583e+000
4.476428571426843e-003	1.249713e+000
4.487857142855410e-003	1.253834e+000
4.499285714283977e-003	1.257947e+000
4.510714285712544e-003	1.262051e+000
4.522142857141111e-003	1.266147e+000
4.533571428569678e-003	1.270233e+000
4.544999999998245e-003	1.274312e+000
4.574999999998233e-003	1.284432e+000
4.604999999998222e-003	1.293627e+000
4.634999999998210e-003	1.301570e+000
4.654999999998202e-003	1.306028e+000
4.674999999998195e-003	1.309733e+000
4.694999999998187e-003	1.312626e+000
4.714999999998179e-003	1.314662e+000
4.734999999998171e-003	1.315808e+000
4.754999999998164e-003	1.316047e+000
4.774999999998156e-003	1.315374e+000
4.794999999998148e-003	1.313800e+000
4.814999999998140e-003	1.311350e+000
4.834999999998133e-003	1.308063e+000
4.854999999998125e-003	1.303991e+000
4.874999999998117e-003	1.299197e+000
4.904999999998105e-003	1.290824e+000
4.934999999998094e-003	1.281298e+000
4.964999999998082e-003	1.270957e+000
4.976428571426649e-003	1.266826e+000
4.987857142855216e-003	1.262704e+000
4.999285714283783e-003	1.258591e+000
5.010714285712350e-003	1.254487e+000
5.022142857140917e-003	1.250393e+000
5.033571428569484e-003	1.246307e+000
5.044999999998051e-003	1.242231e+000
5.074999999998039e-003	1.232116e+000
5.104999999998028e-003	1.222928e+000
5.134999999998016e-003	1.214994e+000
5.154999999998008e-003	1.210541e+000
5.174999999998001e-003	1.206840e+000
5.194999999997993e-003	1.203950e+000
5.214999999997985e-003	1.201917e+000
5.234999999997977e-003	1.200772e+000
5.254999999997970e-003	1.200534e+000
5.274999999997962e-003	1.201206e+000
5.294999999997954e-003	1.202777e+000
5.314999999997946e-003	1.205223e+000
5.334999999997939e-003	1.208506e+000
5.354999999997931e-003	1.212573e+000
5.374999999997923e-003	1.217361e+000
5.404999999997912e-003	1.225727e+000
5.434999999997900e-003	1.235246e+000
5.464999999997888e-003	1.245583e+000
5.476428571426455e-003	1.249713e+000
5.487857142855023e-003	1.253834e+000
5.499285714283589e-003	1.257947e+000
5.510714285712156e-003	1.262051e+000
5.522142857140723e-003	1.266147e+000
5.533571428569290e-003	1.270233e+000
5.544999999997857e-003	1.274312e+000
5.574999999997846e-003	1.284432e+000
5.604999999997834e-003	1.293627e+000
5.634999999997822e-003	1.301570e+000
5.654999999997815e-003	1.306028e+000
5.674999999997807e-003	1.309733e+000
5.694999999997799e-003	1.312626e+000
5.714999999997791e-003	1.314662e+000
5.734999999997784e-003	1.315808e+000
5.754999999997776e-003	1.316047e+000
5.774999999997768e-003	1.315374e+000
5.794999999997760e-003	1.313800e+000
5.814999999997753e-003	1.311350e+000
5.834999999997745e-003	1.308063e+000
5.854999999997737e-003	1.303991e+000
5.874999999997729e-003	1.299197e+000
5.904999999997718e-003	1.290824e+000
5.934999999997706e-003	1.281298e+000
5.964999999997694e-003	1.270957e+000
5.976428571426261e-003	1.266826e+000
5.987857142854829e-003	1.262704e+000
5.999285714283396e-003	1.258591e+000
6.010714285711962e-003	1.254487e+000
6.022142857140529e-003	1.250393e+000
6.033571428569097e-003	1.246307e+000
6.044999999997663e-003	1.242231e+000
6.074999999997652e-003	1.232116e+000
6.104999999997640e-003	1.222928e+000
6.134999999997629e-003	1.214994e+000
6.154999999997621e-003	1.210541e+000
6.174999999997613e-003	1.206840e+000
6.194999999997605e-003	1.203951e+000
6.214999999997597e-003	1.201917e+000
6.234999999997590e-003	1.200772e+000
6.254999999997582e-003	1.200534e+000
6.274999999997574e-003	1.201206e+000
6.294999999997566e-003	1.202777e+000
6.314999999997559e-003	1.205223e+000
6.334999999997551e-003	1.208506e+000
6.354999999997543e-003	1.212573e+000
6.374999999997535e-003	1.217361e+000
6.404999999997524e-003	1.225727e+000
6.434999999997512e-003	1.235246e+000
6.464999999997501e-003	1.245583e+000
6.476428571426067e-003	1.249713e+000
6.487857142854635e-003	1.253834e+000
6.499285714283202e-003	1.257947e+000
6.510714285711768e-003	1.262051e+000
6.522142857140335e-003	1.266147e+000
6.533571428568903e-003	1.270234e+000
6.544999999997470e-003	1.274312e+000
6.574999999997458e-003	1.284432e+000
6.604999999997446e-003	1.293627e+000
6.634999999997435e-003	1.301570e+000
6.654999999997427e-003	1.306028e+000
6.674999999997419e-003	1.309733e+000
6.694999999997411e-003	1.312626e+000
6.714999999997404e-003	1.314662e+000
6.734999999997396e-003	1.315808e+000
6.754999999997388e-003	1.316047e+000
6.774999999997380e-003	1.315374e+000
6.794999999997373e-003	1.313800e+000
6.814999999997365e-003	1.311350e+000
6.834999999997357e-003	1.308063e+000
6.854999999997349e-003	1.303991e+000
6.874999999997342e-003	1.299197e+000
6.904999999997330e-003	1.290824e+000
6.934999999997318e-003	1.281298e+000
6.964999999997307e-003	1.270957e+000
6.976428571425873e-003	1.266826e+000
6.987857142854441e-003	1.262704e+000
6.999285714283008e-003	1.258591e+000
7.010714285711575e-003	1.254487e+000
7.022142857140141e-003	1.250393e+000
7.033571428568709e-003	1.246307e+000
7.044999999997276e-003	1.242231e+000
7.074999999997264e-003	1.232116e+000
7.104999999997252e-003	1.222928e+000
7.134999999997241e-003	1.214994e+000
7.154999999997233e-003	1.210541e+000
7.174999999997225e-003	1.206840e+000
7.194999999997218e-003	1.203951e+000
7.214999999997210e-003	1.201917e+000
7.234999999997202e-003	1.200773e+000
7.254999999997194e-003	1.200534e+000
7.274999999997187e-003	1.201206e+000
7.294999999997179e-003	1.202777e+000
7.314999999997171e-003	1.205223e+000
7.334999999997163e-003	1.208506e+000
7.354999999997156e-003	1.212573e+000
7.374999999997148e-003	1.217361e+000
7.404999999997136e-003	1.225727e+000
7.434999999997125e-003	1.235246e+000
7.464999999997113e-003	1.245583e+000
7.476428571425680e-003	1.249713e+000
7.487857142854247e-003	1.253834e+000
7.499285714282814e-003	1.257947e+000
7.510714285711381e-003	1.262051e+000
7.522142857139948e-003	1.266147e+000
7.533571428568515e-003	1.270234e+000
7.544999999997082e-003	1.274312e+000
7.574999999997070e-003	1.284432e+000
7.604999999997059e-003	1.293627e+000
7.634999999997047e-003	1.301570e+000
7.654999999997039e-003	1.306028e+000
7.674999999997031e-003	1.309733e+000
7.694999999997024e-003	1.312626e+000
7.714999999997016e-003	1.314662e+000
7.734999999997008e-003	1.315808e+000
7.754999999997000e-003	1.316047e+000
7.774999999996993e-003	1.315374e+000
7.794999999996985e-003	1.313800e+000
7.814999999996977e-003	1.311350e+000
7.834999999996969e-003	1.308063e+000
7.854999999996962e-003	1.303991e+000
7.874999999996954e-003	1.299197e+000
7.904999999996942e-003	1.290824e+000
7.934999999996931e-003	1.281298e+000
7.964999999996919e-003	1.270957e+000
7.976428571425486e-003	1.266826e+000
7.987857142854053e-003	1.262704e+000
7.999285714282619e-003	1.258591e+000
8.010714285711188e-003	1.254488e+000
8.022142857139755e-003	1.250393e+000
8.033571428568321e-003	1.246307e+000
8.044999999996888e-003	1.242231e+000
8.074999999996876e-003	1.232116e+000
8.104999999996865e-003	1.222929e+000
8.134999999996853e-003	1.214994e+000
8.154999999996845e-003	1.210541e+000
8.174999999996838e-003	1.206840e+000
8.194999999996830e-003	1.203951e+000
8.214999999996822e-003	1.201917e+000
8.234999999996814e-003	1.200773e+000
8.254999999996807e-003	1.200534e+000
8.274999999996799e-003	1.201206e+000
8.294999999996791e-003	1.202777e+000
8.314999999996783e-003	1.205223e+000
8.334999999996776e-003	1.208506e+000
8.354999999996768e-003	1.212573e+000
8.374999999996760e-003	1.217361e+000
8.404999999996748e-003	1.225727e+000
8.434999999996737e-003	1.235246e+000
8.464999999996725e-003	1.245583e+000
8.476428571425292e-003	1.249713e+000
8.487857142853859e-003	1.253834e+000
8.499285714282425e-003	1.257947e+000
8.510714285710994e-003	1.262051e+000
8.522142857139561e-003	1.266147e+000
8.533571428568127e-003	1.270234e+000
8.544999999996694e-003	1.274312e+000
8.574999999996683e-003	1.284433e+000
8.604999999996671e-003	1.293627e+000
8.634999999996659e-003	1.301570e+000
8.654999999996652e-003	1.306028e+000
8.674999999996644e-003	1.309733e+000
8.694999999996636e-003	1.312626e+000
8.714999999996628e-003	1.314662e+000
8.734999999996621e-003	1.315808e+000
8.754999999996613e-003	1.316047e+000
8.774999999996605e-003	1.315374e+000
8.794999999996597e-003	1.313800e+000
8.814999999996590e-003	1.311350e+000
8.834999999996582e-003	1.308063e+000
8.854999999996574e-003	1.303991e+000
8.874999999996566e-003	1.299198e+000
8.904999999996555e-003	1.290824e+000
8.934999999996543e-003	1.281298e+000
8.964999999996531e-003	1.270957e+000
8.976428571425098e-003	1.266826e+000
8.987857142853665e-003	1.262704e+000
8.999285714282232e-003	1.258591e+000
9.010714285710800e-003	1.254488e+000
9.022142857139367e-003	1.250393e+000
9.033571428567934e-003	1.246307e+000
9.044999999996500e-003	1.242231e+000
9.074999999996489e-003	1.232116e+000
9.104999999996477e-003	1.222929e+000
9.134999999996465e-003	1.214994e+000
9.154999999996458e-003	1.210541e+000
9.174999999996450e-003	1.206840e+000
9.194999999996442e-003	1.203951e+000
9.214999999996434e-003	1.201918e+000
9.234999999996427e-003	1.200773e+000
9.254999999996419e-003	1.200534e+000
9.274999999996411e-003	1.201206e+000
9.294999999996403e-003	1.202777e+000
9.314999999996396e-003	1.205223e+000
9.334999999996388e-003	1.208506e+000
9.354999999996380e-003	1.212573e+000
9.374999999996372e-003	1.217361e+000
9.404999999996361e-003	1.225727e+000
9.434999999996349e-003	1.235246e+000
9.464999999996338e-003	1.245583e+000
9.476428571424904e-003	1.249713e+000
9.487857142853471e-003	1.253834e+000
9.499285714282038e-003	1.257947e+000
9.510714285710606e-003	1.262051e+000
9.522142857139173e-003	1.266147e+000
9.533571428567740e-003	1.270234e+000
9.544999999996306e-003	1.274312e+000
9.574999999996295e-003	1.284433e+000
9.604999999996283e-003	1.293627e+000
9.634999999996272e-003	1.301570e+000
9.654999999996264e-003	1.306028e+000
9.674999999996256e-003	1.309733e+000
9.694999999996248e-003	1.312626e+000
9.714999999996241e-003	1.314662e+000
9.734999999996233e-003	1.315808e+000
9.754999999996225e-003	1.316047e+000
9.774999999996217e-003	1.315374e+000
9.794999999996210e-003	1.313800e+000
9.814999999996202e-003	1.311350e+000
9.834999999996194e-003	1.308063e+000
9.854999999996186e-003	1.303991e+000
9.874999999996179e-003	1.299198e+000
9.904999999996167e-003	1.290824e+000
9.934999999996155e-003	1.281298e+000
9.964999999996144e-003	1.270957e+000
9.976428571424710e-003	1.266826e+000
9.987857142853277e-003	1.262704e+000
9.999285714281844e-003	1.258591e+000
1.001071428571041e-002	1.254488e+000
1.002214285713898e-002	1.250393e+000
1.003357142856755e-002	1.246307e+000
1.004499999999611e-002	1.242231e+000
1.007499999999610e-002	1.232116e+000
1.010499999999609e-002	1.222929e+000
1.013499999999608e-002	1.214994e+000
1.015499999999607e-002	1.210541e+000
1.017499999999606e-002	1.206840e+000
1.019499999999605e-002	1.203951e+000
1.020499999999605e-002	1.202825e+000
1.022499999999604e-002	1.201233e+000
1.024499999999604e-002	1.200540e+000
1.026499999999603e-002	1.200757e+000
1.028499999999602e-002	1.201880e+000
1.030499999999601e-002	1.203893e+000
1.032499999999600e-002	1.206763e+000
1.034499999999600e-002	1.210445e+000
1.036499999999599e-002	1.214881e+000
1.039499999999598e-002	1.222795e+000
1.042499999999597e-002	1.231965e+000
1.045499999999595e-002	1.242069e+000
1.046642857142452e-002	1.246142e+000
1.047785714285309e-002	1.250226e+000
1.048928571428165e-002	1.254320e+000
1.050071428571022e-002	1.258423e+000
1.051214285713879e-002	1.262537e+000
1.052357142856736e-002	1.266660e+000
1.053499999999592e-002	1.270794e+000
1.056499999999591e-002	1.281145e+000
1.059499999999590e-002	1.290686e+000
1.062499999999589e-002	1.299080e+000
1.064499999999588e-002	1.303889e+000
1.066499999999587e-002	1.307979e+000
1.068499999999586e-002	1.311285e+000
1.070499999999586e-002	1.313754e+000
1.072499999999585e-002	1.315348e+000
1.074499999999584e-002	1.316042e+000
1.076499999999583e-002	1.315824e+000
1.078499999999583e-002	1.314698e+000
1.080499999999582e-002	1.312683e+000
1.082499999999581e-002	1.309809e+000
1.084499999999580e-002	1.306122e+000
1.086499999999580e-002	1.301680e+000
1.089499999999578e-002	1.293759e+000
1.092499999999577e-002	1.284581e+000
1.095499999999576e-002	1.274472e+000
1.096642857142433e-002	1.270397e+000
1.097785714285289e-002	1.266313e+000
1.098928571428146e-002	1.262219e+000
1.100071428571003e-002	1.258115e+000
1.101214285713860e-002	1.254002e+000
1.102357142856716e-002	1.249880e+000
1.103499999999573e-002	1.245747e+000
1.106499999999572e-002	1.235402e+000
1.109499999999571e-002	1.225867e+000
1.112499999999569e-002	1.217481e+000
1.114499999999569e-002	1.212677e+000
1.116499999999568e-002	1.208593e+000
1.118499999999567e-002	1.205291e+000
1.120499999999566e-002	1.202825e+000
1.122499999999566e-002	1.201233e+000
1.124499999999565e-002	1.200540e+000
1.126499999999564e-002	1.200757e+000
1.128499999999563e-002	1.201880e+000
1.130499999999562e-002	1.203893e+000
1.132499999999562e-002	1.206763e+000
1.134499999999561e-002	1.210445e+000
1.136499999999560e-002	1.214882e+000
1.139499999999559e-002	1.222795e+000
1.142499999999558e-002	1.231965e+000
1.145499999999557e-002	1.242069e+000
1.146642857142413e-002	1.246143e+000
1.147785714285270e-002	1.250226e+000
1.148928571428127e-002	1.254320e+000
1.150071428570984e-002	1.258423e+000
1.151214285713840e-002	1.262537e+000
1.152357142856697e-002	1.266660e+000
1.153499999999554e-002	1.270794e+000
1.156499999999552e-002	1.281145e+000
1.159499999999551e-002	1.290686e+000
1.162499999999550e-002	1.299080e+000
1.164499999999549e-002	1.303889e+000
1.166499999999549e-002	1.307979e+000
1.168499999999548e-002	1.311285e+000
1.170499999999547e-002	1.313754e+000
1.172499999999546e-002	1.315348e+000
1.174499999999545e-002	1.316042e+000
1.176499999999545e-002	1.315824e+000
1.178499999999544e-002	1.314698e+000
1.180499999999543e-002	1.312683e+000
1.182499999999542e-002	1.309809e+000
1.184499999999542e-002	1.306122e+000
1.186499999999541e-002	1.301680e+000
1.189499999999540e-002	1.293759e+000
1.192499999999538e-002	1.284581e+000
1.195499999999537e-002	1.274473e+000
1.196642857142394e-002	1.270398e+000
1.197785714285251e-002	1.266313e+000
1.198928571428107e-002	1.262219e+000
1.200071428570964e-002	1.258115e+000
1.201214285713821e-002	1.254002e+000
1.202357142856677e-002	1.249880e+000
1.203499999999534e-002	1.245748e+000
1.206499999999533e-002	1.235402e+000
1.209499999999532e-002	1.225867e+000
1.212499999999531e-002	1.217481e+000
1.214499999999530e-002	1.212677e+000
1.216499999999529e-002	1.208593e+000
1.218499999999528e-002	1.205291e+000
1.220499999999528e-002	1.202825e+000
1.222499999999527e-002	1.201233e+000
1.224499999999526e-002	1.200540e+000
1.226499999999525e-002	1.200757e+000
1.228499999999524e-002	1.201880e+000
1.230499999999524e-002	1.203893e+000
1.232499999999523e-002	1.206763e+000
1.234499999999522e-002	1.210445e+000
1.236499999999521e-002	1.214882e+000
1.239499999999520e-002	1.222795e+000
1.242499999999519e-002	1.231965e+000
1.245499999999518e-002	1.242069e+000
1.246642857142375e-002	1.246143e+000
1.247785714285231e-002	1.250226e+000
1.248928571428088e-002	1.254320e+000
1.250071428570945e-002	1.258424e+000
1.251214285713801e-002	1.262537e+000
1.252357142856658e-002	1.266661e+000
1.253499999999515e-002	1.270794e+000
1.256499999999514e-002	1.281145e+000
1.259499999999512e-002	1.290686e+000
1.262499999999511e-002	1.299080e+000
1.264499999999511e-002	1.303889e+000
1.266499999999510e-002	1.307979e+000
1.268499999999509e-002	1.311285e+000
1.270499999999508e-002	1.313754e+000
1.272499999999507e-002	1.315348e+000
1.274499999999507e-002	1.316042e+000
1.276499999999506e-002	1.315824e+000
1.278499999999505e-002	1.314699e+000
1.280499999999504e-002	1.312683e+000
1.282499999999504e-002	1.309809e+000
1.284499999999503e-002	1.306122e+000
1.286499999999502e-002	1.301680e+000
1.289499999999501e-002	1.293759e+000
1.292499999999500e-002	1.284581e+000
1.295499999999498e-002	1.274473e+000
1.296642857142355e-002	1.270398e+000
1.297785714285212e-002	1.266313e+000
1.298928571428069e-002	1.262219e+000
1.300071428570925e-002	1.258115e+000
1.301214285713782e-002	1.254002e+000
1.302357142856639e-002	1.249880e+000
1.303499999999495e-002	1.245748e+000
1.306499999999494e-002	1.235402e+000
1.309499999999493e-002	1.225867e+000
1.312499999999492e-002	1.217481e+000
1.314499999999491e-002	1.212678e+000
1.316499999999490e-002	1.208593e+000
1.318499999999490e-002	1.205291e+000
1.320499999999489e-002	1.202825e+000
1.322499999999488e-002	1.201233e+000
1.324499999999487e-002	1.200540e+000
1.326499999999486e-002	1.200757e+000
1.328499999999486e-002	1.201880e+000
1.330499999999485e-002	1.203893e+000
1.332499999999484e-002	1.206763e+000
1.334499999999483e-002	1.210445e+000
1.336499999999483e-002	1.214882e+000
1.339499999999481e-002	1.222795e+000
1.342499999999480e-002	1.231965e+000
1.345499999999479e-002	1.242069e+000
1.346642857142336e-002	1.246143e+000
1.347785714285192e-002	1.250226e+000
1.348928571428049e-002	1.254320e+000
1.350071428570906e-002	1.258424e+000
1.351214285713763e-002	1.262537e+000
1.352357142856619e-002	1.266661e+000
1.353499999999476e-002	1.270794e+000
1.356499999999475e-002	1.281145e+000
1.359499999999474e-002	1.290687e+000
1.362499999999473e-002	1.299080e+000
1.364499999999472e-002	1.303889e+000
1.366499999999471e-002	1.307979e+000
1.368499999999470e-002	1.311285e+000
1.370499999999469e-002	1.313754e+000
1.372499999999469e-002	1.315348e+000
1.374499999999468e-002	1.316042e+000
1.376499999999467e-002	1.315824e+000
1.378499999999466e-002	1.314699e+000
1.380499999999466e-002	1.312683e+000
1.382499999999465e-002	1.309809e+000
1.384499999999464e-002	1.306122e+000
1.386499999999463e-002	1.301680e+000
1.389499999999462e-002	1.293759e+000
1.392499999999461e-002	1.284581e+000
1.395499999999460e-002	1.274473e+000
1.396642857142316e-002	1.270398e+000
1.397785714285173e-002	1.266313e+000
1.398928571428030e-002	1.262219e+000
1.400071428570887e-002	1.258116e+000
1.401214285713743e-002	1.254002e+000
1.402357142856600e-002	1.249880e+000
1.403499999999457e-002	1.245748e+000
1.406499999999455e-002	1.235402e+000
1.409499999999454e-002	1.225867e+000
1.412499999999453e-002	1.217481e+000
1.414499999999452e-002	1.212678e+000
1.416499999999452e-002	1.208593e+000
1.418499999999451e-002	1.205291e+000
1.420499999999450e-002	1.202825e+000
1.422499999999449e-002	1.201233e+000
1.424499999999448e-002	1.200540e+000
1.426499999999448e-002	1.200757e+000
1.428499999999447e-002	1.201881e+000
1.430499999999446e-002	1.203893e+000
1.432499999999445e-002	1.206763e+000
1.434499999999445e-002	1.210445e+000
1.436499999999444e-002	1.214882e+000
1.439499999999443e-002	1.222795e+000
1.442499999999442e-002	1.231965e+000
1.445499999999440e-002	1.242069e+000
1.446642857142297e-002	1.246143e+000
1.447785714285154e-002	1.250227e+000
1.448928571428010e-002	1.254320e+000
1.450071428570867e-002	1.258424e+000
1.451214285713724e-002	1.262537e+000
1.452357142856581e-002	1.266661e+000
1.453499999999437e-002	1.270794e+000
1.456499999999436e-002	1.281145e+000
1.459499999999435e-002	1.290687e+000
1.462499999999434e-002	1.299080e+000
1.464499999999433e-002	1.303890e+000
1.466499999999432e-002	1.307979e+000
1.468499999999431e-002	1.311285e+000
1.470499999999431e-002	1.313754e+000
1.472499999999430e-002	1.315348e+000
1.474499999999429e-002	1.316042e+000
1.476499999999428e-002	1.315824e+000
1.478499999999428e-002	1.314699e+000
1.480499999999427e-002	1.312683e+000
1.482499999999426e-002	1.309809e+000
1.484499999999425e-002	1.306122e+000
1.486499999999424e-002	1.301680e+000
1.489499999999423e-002	1.293759e+000
1.492499999999422e-002	1.284582e+000
1.495499999999421e-002	1.274473e+000
1.496642857142278e-002	1.270398e+000
1.497785714285134e-002	1.266313e+000
1.498928571427991e-002	1.262219e+000
1.500071428570848e-002	1.258116e+000
1.501214285713705e-002	1.254002e+000
1.502357142856561e-002	1.249880e+000
1.503499999999418e-002	1.245748e+000
1.506499999999417e-002	1.235402e+000
1.509499999999416e-002	1.225867e+000
1.512499999999414e-002	1.217482e+000
1.514499999999414e-002	1.212678e+000
1.516499999999413e-002	1.208593e+000
1.518499999999412e-002	1.205291e+000
1.520499999999411e-002	1.202825e+000
1.522499999999410e-002	1.201233e+000
1.524499999999410e-002	1.200540e+000
1.526499999999409e-002	1.200757e+000
1.528499999999408e-002	1.201881e+000
1.530499999999407e-002	1.203893e+000
1.532499999999407e-002	1.206763e+000
1.534499999999406e-002	1.210445e+000
1.536499999999405e-002	1.214882e+000
1.539499999999404e-002	1.222795e+000
1.542499999999403e-002	1.231965e+000
1.545499999999402e-002	1.242069e+000
1.546642857142258e-002	1.246143e+000
1.547785714285115e-002	1.250227e+000
1.548928571427972e-002	1.254320e+000
1.550071428570828e-002	1.258424e+000
1.551214285713685e-002	1.262537e+000
1.552357142856542e-002	1.266661e+000
1.553499999999398e-002	1.270794e+000
1.556499999999397e-002	1.281145e+000
1.559499999999396e-002	1.290687e+000
1.562499999999395e-002	1.299080e+000
1.564499999999394e-002	1.303890e+000
1.566499999999393e-002	1.307979e+000
1.568499999999393e-002	1.311285e+000
1.570499999999392e-002	1.313754e+000
1.572499999999391e-002	1.315348e+000
1.574499999999390e-002	1.316042e+000
1.576499999999390e-002	1.315824e+000
1.578499999999389e-002	1.314699e+000
1.580499999999388e-002	1.312683e+000
1.582499999999387e-002	1.309809e+000
1.584499999999386e-002	1.306122e+000
1.586499999999386e-002	1.301680e+000
1.589499999999385e-002	1.293759e+000
1.592499999999383e-002	1.284582e+000
1.595499999999382e-002	1.274473e+000
1.596642857142239e-002	1.270398e+000
1.597785714285096e-002	1.266313e+000
1.598928571427952e-002	1.262219e+000
1.600071428570809e-002	1.258116e+000
1.601214285713666e-002	1.254003e+000
1.602357142856522e-002	1.249880e+000
1.603499999999379e-002	1.245748e+000
1.606499999999378e-002	1.235402e+000
1.609499999999377e-002	1.225868e+000
1.612499999999376e-002	1.217482e+000
1.614499999999375e-002	1.212678e+000
1.616499999999374e-002	1.208593e+000
1.618499999999373e-002	1.205291e+000
1.620499999999372e-002	1.202825e+000
1.622499999999372e-002	1.201233e+000
1.624499999999371e-002	1.200540e+000
1.626499999999370e-002	1.200757e+000
1.628499999999369e-002	1.201881e+000
1.630499999999369e-002	1.203893e+000
1.632499999999368e-002	1.206763e+000
1.634499999999367e-002	1.210445e+000
1.636499999999366e-002	1.214882e+000
1.639499999999365e-002	1.222795e+000
1.642499999999364e-002	1.231966e+000
1.645499999999363e-002	1.242069e+000
1.646642857142220e-002	1.246143e+000
1.647785714285076e-002	1.250227e+000
1.648928571427933e-002	1.254320e+000
1.650071428570790e-002	1.258424e+000
1.651214285713646e-002	1.262537e+000
1.652357142856503e-002	1.266661e+000
1.653499999999360e-002	1.270794e+000
1.656499999999359e-002	1.281145e+000
1.659499999999357e-002	1.290687e+000
1.662499999999356e-002	1.299080e+000
1.664499999999355e-002	1.303890e+000
1.666499999999355e-002	1.307979e+000
1.668499999999354e-002	1.311285e+000
1.670499999999353e-002	1.313754e+000
1.672499999999352e-002	1.315349e+000
1.674499999999352e-002	1.316042e+000
1.676499999999351e-002	1.315825e+000
1.678499999999350e-002	1.314699e+000
1.680499999999349e-002	1.312683e+000
1.682499999999348e-002	1.309809e+000
1.684499999999348e-002	1.306122e+000
1.686499999999347e-002	1.301680e+000
1.689499999999346e-002	1.293759e+000
1.692499999999345e-002	1.284582e+000
1.695499999999343e-002	1.274473e+000
1.696642857142200e-002	1.270398e+000
1.697785714285057e-002	1.266313e+000
1.698928571427914e-002	1.262219e+000
1.700071428570770e-002	1.258116e+000
1.701214285713627e-002	1.254003e+000
1.702357142856483e-002	1.249880e+000
1.703499999999340e-002	1.245748e+000
1.706499999999339e-002	1.235402e+000
1.709499999999338e-002	1.225868e+000
1.712499999999337e-002	1.217482e+000
1.714499999999336e-002	1.212678e+000
1.716499999999335e-002	1.208593e+000
1.718499999999334e-002	1.205292e+000
1.720499999999334e-002	1.202825e+000
1.722499999999333e-002	1.201233e+000
1.724499999999332e-002	1.200540e+000
1.726499999999331e-002	1.200757e+000
1.728499999999331e-002	1.201881e+000
1.730499999999330e-002	1.203893e+000
1.732499999999329e-002	1.206763e+000
1.734499999999328e-002	1.210446e+000
1.736499999999328e-002	1.214882e+000
1.739499999999326e-002	1.222795e+000
1.742499999999325e-002	1.231966e+000
1.745499999999324e-002	1.242069e+000
1.746642857142181e-002	1.246143e+000
1.747785714285037e-002	1.250227e+000
1.748928571427894e-002	1.254320e+000
1.750071428570751e-002	1.258424e+000
1.751214285713608e-002	1.262537e+000
1.752357142856464e-002	1.266661e+000
1.753499999999321e-002	1.270794e+000
1.756499999999320e-002	1.281145e+000
1.759499999999319e-002	1.290687e+000
1.762499999999317e-002	1.299080e+000
1.764499999999317e-002	1.303890e+000
1.766499999999316e-002	1.307979e+000
1.768499999999315e-002	1.311285e+000
1.770499999999314e-002	1.313754e+000
1.772499999999314e-002	1.315349e+000
1.774499999999313e-002	1.316042e+000
1.776499999999312e-002	1.315825e+000
1.778499999999311e-002	1.314699e+000
1.780499999999310e-002	1.312683e+000
1.782499999999310e-002	1.309809e+000
1.784499999999309e-002	1.306122e+000
1.786499999999308e-002	1.301680e+000
1.789499999999307e-002	1.293759e+000
1.792499999999306e-002	1.284582e+000
1.795499999999305e-002	1.274473e+000
1.796642857142161e-002	1.270398e+000
1.797785714285018e-002	1.266313e+000
1.798928571427875e-002	1.262219e+000
1.800071428570731e-002	1.258116e+000
1.801214285713588e-002	1.254003e+000
1.802357142856445e-002	1.249880e+000
1.803499999999302e-002	1.245748e+000
1.806499999999300e-002	1.235402e+000
1.809499999999299e-002	1.225868e+000
1.812499999999298e-002	1.217482e+000
1.814499999999297e-002	1.212678e+000
1.816499999999297e-002	1.208593e+000
1.818499999999296e-002	1.205292e+000
1.820499999999295e-002	1.202825e+000
1.822499999999294e-002	1.201233e+000
1.824499999999293e-002	1.200540e+000
1.826499999999293e-002	1.200757e+000
1.828499999999292e-002	1.201881e+000
1.830499999999291e-002	1.203893e+000
1.832499999999290e-002	1.206763e+000
1.834499999999290e-002	1.210446e+000
1.836499999999289e-002	1.214882e+000
1.839499999999288e-002	1.222795e+000
1.842499999999286e-002	1.231966e+000
1.845499999999285e-002	1.242069e+000
1.846642857142142e-002	1.246143e+000
1.847785714284999e-002	1.250227e+000
1.848928571427855e-002	1.254320e+000
1.850071428570712e-002	1.258424e+000
1.851214285713569e-002	1.262537e+000
1.852357142856425e-002	1.266661e+000
1.853499999999282e-002	1.270794e+000
1.856499999999281e-002	1.281145e+000
1.859499999999280e-002	1.290687e+000
1.862499999999279e-002	1.299081e+000
1.864499999999278e-002	1.303890e+000
1.866499999999277e-002	1.307979e+000
1.868499999999276e-002	1.311285e+000
1.870499999999276e-002	1.313754e+000
1.872499999999275e-002	1.315349e+000
1.874499999999274e-002	1.316042e+000
1.876499999999273e-002	1.315825e+000
1.878499999999272e-002	1.314699e+000
1.880499999999272e-002	1.312683e+000
1.882499999999271e-002	1.309809e+000
1.884499999999270e-002	1.306122e+000
1.886499999999269e-002	1.301680e+000
1.889499999999268e-002	1.293759e+000
1.892499999999267e-002	1.284582e+000
1.895499999999266e-002	1.274473e+000
1.896642857142123e-002	1.270398e+000
1.897785714284979e-002	1.266313e+000
1.898928571427836e-002	1.262219e+000
1.900071428570693e-002	1.258116e+000
1.901214285713549e-002	1.254003e+000
1.902357142856406e-002	1.249880e+000
1.903499999999263e-002	1.245748e+000
1.906499999999262e-002	1.235402e+000
1.909499999999260e-002	1.225868e+000
1.912499999999259e-002	1.217482e+000
1.914499999999259e-002	1.212678e+000
1.916499999999258e-002	1.208593e+000
1.918499999999257e-002	1.205292e+000
1.920499999999256e-002	1.202825e+000
1.922499999999255e-002	1.201233e+000
1.924499999999255e-002	1.200540e+000
1.926499999999254e-002	1.200757e+000
1.928499999999253e-002	1.201881e+000
1.930499999999252e-002	1.203893e+000
1.932499999999252e-002	1.206764e+000
1.934499999999251e-002	1.210446e+000
1.936499999999250e-002	1.214882e+000
1.939499999999249e-002	1.222795e+000
1.942499999999248e-002	1.231966e+000
1.945499999999246e-002	1.242069e+000
1.946642857142103e-002	1.246143e+000
1.947785714284960e-002	1.250227e+000
1.948928571427817e-002	1.254320e+000
1.950071428570673e-002	1.258424e+000
1.951214285713530e-002	1.262537e+000
1.952357142856387e-002	1.266661e+000
1.953499999999243e-002	1.270794e+000
1.956499999999242e-002	1.281145e+000
1.959499999999241e-002	1.290687e+000
1.962499999999240e-002	1.299081e+000
1.964499999999239e-002	1.303890e+000
1.966499999999238e-002	1.307979e+000
1.968499999999238e-002	1.311285e+000
1.970499999999237e-002	1.313755e+000
1.972499999999236e-002	1.315349e+000
1.974499999999235e-002	1.316042e+000
1.976499999999234e-002	1.315825e+000
1.978499999999234e-002	1.314699e+000
1.980499999999233e-002	1.312683e+000
1.982499999999232e-002	1.309809e+000
1.984499999999231e-002	1.306122e+000
1.986499999999231e-002	1.301681e+000
1.989499999999229e-002	1.293759e+000
1.992499999999228e-002	1.284582e+000
1.995499999999227e-002	1.274473e+000
1.999499999999226e-002	1.260170e+000
2.000000000000000e-002	1.258354e+000
